Field variables file

Angle of attack:         0                   
Mach:                    0.8                 
Field cells:             675                 

              x              y              z            U_x            U_y            U_z           Mach          Sigma
      -0.477778              3      -0.466667        0.98351    0.000850432      -0.019128       0.785334       -0.01979
      -0.433333              3      -0.466667        0.98205     0.00083991     -0.0216254       0.784071     -0.0177597
      -0.388889              3      -0.466667       0.980731    0.000828288     -0.0248294       0.782958     -0.0143042
      -0.344444              3      -0.466667        0.97969    0.000815824      -0.028805       0.782123    -0.00815129
           -0.3              3      -0.466667       0.979144    0.000802902     -0.0336182       0.781771      0.0018793
      -0.255556              3      -0.466667       0.979402    0.000790068     -0.0393091       0.782191      0.0172627
      -0.211111              3      -0.466667       0.980884    0.000778053     -0.0458501       0.783772      0.0396899
      -0.166667              3      -0.466667       0.984125    0.000767759     -0.0530867       0.787002      0.0707627
      -0.122222              3      -0.466667       0.989748    0.000760191     -0.0606655       0.792437         0.1114
     -0.0777778              3      -0.466667       0.998377     0.00075628     -0.0679613       0.800621       0.160929
     -0.0333333              3      -0.466667        1.01048    0.000756583     -0.0740319        0.81193       0.215878
      0.0111111              3      -0.466667        1.02611    0.000760802     -0.0776435       0.826356       0.268368
      0.0555556              3      -0.466667        1.04458    0.000767161     -0.0774275       0.843218        0.30432
            0.1              3      -0.466667        1.06414    0.000771972     -0.0722521       0.860891       0.304226
       0.144444              3      -0.466667        1.08202    0.000770248     -0.0618153       0.876876       0.253013
       0.188889              3      -0.466667        1.09529    0.000757896     -0.0471333       0.888599       0.158035
       0.233333              3      -0.466667        1.10234    0.000733943     -0.0303218       0.894667      0.0520077
       0.277778              3      -0.466667        1.10351    0.000700456     -0.0136123       0.895448     -0.0326088
       0.322222              3      -0.466667        1.10035    0.000660593     0.00152926       0.892401     -0.0855226
       0.366667              3      -0.466667        1.09455    0.000617031      0.0145397       0.887048       -0.11342
       0.411111              3      -0.466667        1.08732    0.000571536      0.0254226       0.880459      -0.126464
       0.455556              3      -0.466667        1.07934     0.00052515      0.0344044       0.873247      -0.132002
            0.5              3      -0.466667        1.07098    0.000478469      0.0417413       0.865718      -0.134162
       0.544444              3      -0.466667        1.06242    0.000431853      0.0476434       0.858014      -0.134911
       0.588889              3      -0.466667        1.05374    0.000385553      0.0522566       0.850203      -0.134969
       0.633333              3      -0.466667          1.045    0.000339794      0.0556699       0.842328      -0.134391
       0.677778              3      -0.466667        1.03627     0.00029481      0.0579302        0.83444      -0.132893
       0.722222              3      -0.466667        1.02763    0.000250868      0.0590598       0.826613      -0.130035
       0.766667              3      -0.466667         1.0192    0.000208271      0.0590723       0.818949      -0.125306
       0.811111              3      -0.466667        1.01115    0.000167368      0.0579894       0.811586      -0.118176
       0.855556              3      -0.466667        1.00365    0.000128541      0.0558595       0.804696      -0.108181
            0.9              3      -0.466667       0.996916    9.21832e-05      0.0527774       0.798477     -0.0951027
       0.944444              3      -0.466667       0.991169    5.86439e-05      0.0489002       0.793129     -0.0792169
       0.988889              3      -0.466667       0.986575    2.81617e-05      0.0444512       0.788815     -0.0614701
        1.03333              3      -0.466667       0.983213    8.04072e-07      0.0397006       0.785618     -0.0433811
        1.07778              3      -0.466667       0.981049    -2.3546e-05       0.034926       0.783517     -0.0266127
        1.12222              3      -0.466667       0.979942   -4.51486e-05      0.0303672        0.78239     -0.0124418
        1.16667              3      -0.466667       0.979685   -6.43334e-05      0.0261951       0.782052    -0.00145637
        1.21111              3      -0.466667       0.980055   -8.14307e-05      0.0225036       0.782302     0.00640473
        1.25556              3      -0.466667       0.980851   -9.67287e-05      0.0193226       0.782953      0.0116048
            1.3              3      -0.466667       0.981908   -0.000110458      0.0166379       0.783856      0.0147496
        1.34444              3      -0.466667       0.983107   -0.000122794      0.0144121         0.7849      0.0164176
        1.38889              3      -0.466667       0.984366   -0.000133866      0.0126002       0.786006      0.0170896
        1.43333              3      -0.466667       0.985633   -0.000143767      0.0111619       0.787127      0.0171721
        1.47778              3      -0.466667       0.986896   -0.000152501      0.0100704       0.788251      0.0175386
      -0.477778              3           -0.4       0.980278    0.000877907     -0.0179466       0.782417     -0.0330969
      -0.433333              3           -0.4       0.977787     0.00086534     -0.0204301        0.78023     -0.0325828
      -0.388889              3           -0.4       0.975315    0.000851459     -0.0236557       0.778085     -0.0307843
      -0.344444              3           -0.4       0.972983    0.000836506     -0.0277359       0.776098     -0.0264652
           -0.3              3           -0.4       0.971011    0.000820904     -0.0327933       0.774478     -0.0179396
      -0.255556              3           -0.4       0.969762    0.000805326     -0.0389425       0.773567    -0.00289939
      -0.211111              3           -0.4       0.969789    0.000790764     -0.0462472       0.773877      0.0216599
      -0.166667              3           -0.4       0.971882    0.000778578     -0.0546458       0.776132      0.0592106
      -0.122222              3           -0.4        0.97706    0.000770467     -0.0638413       0.781254       0.112956
     -0.0777778              3           -0.4       0.986489    0.000768284     -0.0731708       0.790273       0.184456
     -0.0333333              3           -0.4        1.00124    0.000773639     -0.0814989        0.80411       0.271661
      0.0111111              3           -0.4        1.02188     0.00078715      -0.087202       0.823213       0.365967
      0.0555556              3           -0.4        1.04786    0.000807106     -0.0883199        0.84702       0.446371
            0.1              3           -0.4        1.07666    0.000827666     -0.0830216       0.873218       0.472172
       0.144444              3           -0.4        1.10335    0.000838802     -0.0705873       0.897348       0.396046
       0.188889              3           -0.4        1.12222      0.0008314     -0.0525033       0.914231       0.221208
       0.233333              3           -0.4        1.13035     0.00080402     -0.0321765       0.921231      0.0299672
       0.277778              3           -0.4         1.1292    0.000762292     -0.0128768        0.91977     -0.0998476
       0.322222              3           -0.4        1.12238    0.000712877     0.00379684       0.913217      -0.161196
       0.366667              3           -0.4        1.11288    0.000660231      0.0176292       0.904347      -0.181146
       0.411111              3           -0.4         1.1024    0.000606657      0.0289651       0.894687      -0.182854
       0.455556              3           -0.4        1.09168    0.000553191      0.0382307       0.884894      -0.178417
            0.5              3           -0.4          1.081    0.000500243      0.0457783       0.875182      -0.173162
       0.544444              3           -0.4        1.07039    0.000447961      0.0518564       0.865574       -0.16889
       0.588889              3           -0.4        1.05983    0.000396425        0.05662        0.85603      -0.165782
       0.633333              3           -0.4        1.04931    0.000345734      0.0601519       0.846514      -0.163299
       0.677778              3           -0.4        1.03883    0.000296052      0.0624854       0.837025      -0.160639
       0.722222              3           -0.4        1.02845    0.000247611      0.0636234       0.827608      -0.156941
       0.766667              3           -0.4        1.01829    0.000200724      0.0635561       0.818361      -0.151321
       0.811111              3           -0.4        1.00852    0.000155787       0.062278        0.80944      -0.142842
       0.855556              3           -0.4       0.999395    0.000113277      0.0598099       0.801068      -0.130557
            0.9              3           -0.4       0.991223     7.3732e-05      0.0562286       0.793526      -0.113762
       0.944444              3           -0.4        0.98434    3.76645e-05      0.0516989       0.787128     -0.0925255
       0.988889              3           -0.4       0.979036    5.43267e-06      0.0464915       0.782145     -0.0681985
        1.03333              3           -0.4       0.975452    -2.2889e-05      0.0409599        0.77872     -0.0433669
        1.07778              3           -0.4       0.973524   -4.75417e-05      0.0354744       0.776805     -0.0209488
        1.12222              3           -0.4       0.972999   -6.89905e-05      0.0303425       0.776182    -0.00301119
        1.16667              3           -0.4       0.973526   -8.77753e-05      0.0257596       0.776534      0.0097932
        1.21111              3           -0.4       0.974752   -0.000104388      0.0218076       0.777543      0.0179657
        1.25556              3           -0.4       0.976384   -0.000119217      0.0184847       0.778941      0.0225537
            1.3              3           -0.4       0.978211   -0.000132538      0.0157416       0.780532      0.0246587
        1.34444              3           -0.4       0.980096   -0.000144537      0.0135106        0.78219      0.0252005
        1.38889              3           -0.4       0.981959   -0.000155331      0.0117232       0.783838      0.0248737
        1.43333              3           -0.4       0.983763   -0.000164985      0.0103195       0.785441      0.0242239
        1.47778              3           -0.4       0.985508   -0.000173517     0.00924766       0.786997      0.0237385
      -0.477778              3      -0.333333       0.977138    0.000906932     -0.0161914       0.779579     -0.0462371
      -0.433333              3      -0.333333         0.9736    0.000892253     -0.0185673       0.776454      -0.047772
      -0.388889              3      -0.333333       0.969901     0.00087597     -0.0217056        0.77321     -0.0484921
      -0.344444              3      -0.333333       0.966121    0.000858284      -0.025765       0.769929     -0.0471736
           -0.3              3      -0.333333       0.962448    0.000839609      -0.030942       0.766795     -0.0418429
      -0.255556              3      -0.333333       0.959251    0.000820692     -0.0374646        0.76416     -0.0294377
      -0.211111              3      -0.333333       0.957177    0.000802764      -0.045557        0.76263    -0.00542625
      -0.166667              3      -0.333333        0.95727    0.000787699     -0.0553521        0.76317      0.0363222
      -0.122222              3      -0.333333       0.961056    0.000778109     -0.0667234       0.767173       0.102858
     -0.0777778              3      -0.333333       0.970499    0.000777201     -0.0790305       0.776395       0.200019
     -0.0333333              3      -0.333333       0.987664    0.000788258     -0.0908578       0.792643       0.328997
      0.0111111              3      -0.333333        1.01406    0.000813636      -0.099917       0.817184       0.482519
      0.0555556              3      -0.333333        1.04965    0.000852686      -0.103245        0.84991       0.635996
            0.1              3      -0.333333        1.09118    0.000897231     -0.0978135       0.887897       0.719621
       0.144444              3      -0.333333        1.13034    0.000927977     -0.0821172        0.92362       0.609841
       0.188889              3      -0.333333        1.15619    0.000925417     -0.0586072       0.946988       0.282829
       0.233333              3      -0.333333        1.16382    0.000889253     -0.0333063       0.953391     -0.0498186
       0.277778              3      -0.333333        1.15795    0.000834126     -0.0110803       0.947307       -0.21736
       0.322222              3      -0.333333        1.14588     0.00077181     0.00694728       0.935664      -0.264921
       0.366667              3      -0.333333        1.13195    0.000708095      0.0213926       0.922509      -0.262303
       0.411111              3      -0.333333        1.11792    0.000645178      0.0330668        0.90945      -0.245872
       0.455556              3      -0.333333        1.10436    0.000583769      0.0425748       0.896943      -0.228104
            0.5              3      -0.333333         1.0913    0.000523895      0.0503404       0.884997      -0.214033
       0.544444              3      -0.333333        1.07863    0.000465405      0.0566317       0.873456      -0.204178
       0.588889              3      -0.333333        1.06617    0.000408153      0.0616031        0.86215      -0.197814
       0.633333              3      -0.333333        1.05382    0.000352092      0.0653248       0.850949      -0.193572
       0.677778              3      -0.333333        1.04151    0.000297299      0.0678095       0.839789      -0.190037
       0.722222              3      -0.333333        1.02927    0.000243963      0.0690336       0.828678      -0.185923
       0.766667              3      -0.333333        1.01721    0.000192385      0.0689526         0.8177      -0.180002
       0.811111              3      -0.333333         1.0055     0.00014299      0.0675155        0.80702      -0.170917
       0.855556              3      -0.333333       0.994468    9.63517e-05      0.0646873       0.796907       -0.15702
            0.9              3      -0.333333       0.984534    5.32028e-05      0.0604926        0.78775      -0.136615
       0.944444              3      -0.333333       0.976233    1.43299e-05       0.055083       0.780038      -0.108973
       0.988889              3      -0.333333       0.970071   -1.96751e-05      0.0487965       0.774239     -0.0757847
        1.03333              3      -0.333333       0.966317   -4.87054e-05      0.0421398       0.770616     -0.0415603
        1.07778              3      -0.333333       0.964856    -7.3224e-05      0.0356608       0.769082     -0.0116747
        1.12222              3      -0.333333       0.965232   -9.40492e-05      0.0297841        0.76924       0.010499
        1.16667              3      -0.333333       0.966853   -0.000112039       0.024728       0.770557      0.0245773
        1.21111              3      -0.333333       0.969181   -0.000127889      0.0205299       0.772545       0.032111
        1.25556              3      -0.333333       0.971821   -0.000142081        0.01712       0.774841      0.0351631
            1.3              3      -0.333333       0.974523   -0.000154913       0.014387       0.777215      0.0355055
        1.34444              3      -0.333333       0.977149   -0.000166557      0.0122171       0.779537      0.0344078
        1.38889              3      -0.333333       0.979637     -0.0001771      0.0105109       0.781746      0.0327047
        1.43333              3      -0.333333       0.981972    -0.00018658     0.00918775       0.783826      0.0309321
        1.47778              3      -0.333333       0.984166   -0.000195005     0.00818259       0.785785      0.0294084
      -0.477778              3      -0.266667       0.974236    0.000936861       -0.01386       0.776953     -0.0588757
      -0.433333              3      -0.266667       0.969667    0.000920044     -0.0160102       0.772903     -0.0627932
      -0.388889              3      -0.266667       0.964712    0.000901271     -0.0189048       0.768533     -0.0667941
      -0.344444              3      -0.266667       0.959366     0.00088065      -0.022742       0.763852     -0.0698112
           -0.3              3      -0.266667       0.953727    0.000858511      -0.027796       0.758964     -0.0699098
      -0.255556              3      -0.266667       0.948074     0.00083557     -0.0344362        0.75415     -0.0636458
      -0.211111              3      -0.266667       0.943032    0.000813191     -0.0431253       0.750008     -0.0450727
      -0.166667              3      -0.266667        0.93981    0.000793765     -0.0543545       0.747679    -0.00454029
      -0.122222              3      -0.266667       0.940522    0.000781135      -0.068424       0.749116      0.0717639
     -0.0777778              3      -0.266667        0.94837    0.000780698     -0.0849555       0.757222       0.199057
     -0.0333333              3      -0.266667       0.967257    0.000798655      -0.102194       0.775439       0.385858
      0.0111111              3      -0.266667        1.00047    0.000840333      -0.116612       0.806546       0.626114
      0.0555556              3      -0.266667        1.04895    0.000907726      -0.123433       0.851272       0.897257
            0.1              3      -0.266667        1.10889    0.000991184      -0.117756       0.906334        1.10536
       0.144444              3      -0.266667        1.16649     0.00105342     -0.0968209       0.959396       0.951721
       0.188889              3      -0.266667        1.20068     0.00105178      -0.064966       0.990636       0.301941
       0.233333              3      -0.266667        1.20376    0.000994286     -0.0331665       0.992383      -0.267354
       0.277778              3      -0.266667        1.18918    0.000918625    -0.00839544        0.97764      -0.398437
       0.322222              3      -0.266667        1.17039    0.000839469      0.0105157       0.959342      -0.394825
       0.366667              3      -0.266667        1.15156     0.00076236      0.0253995       0.941366       -0.35296
       0.411111              3      -0.266667        1.13387    0.000688241      0.0374294       0.924734       -0.31465
       0.455556              3      -0.266667         1.1174    0.000617469      0.0472412       0.909436      -0.280058
            0.5              3      -0.266667        1.10198    0.000549424      0.0553085       0.895243      -0.256492
       0.544444              3      -0.266667        1.08725     0.00048366      0.0618996       0.881763        -0.2404
       0.588889              3      -0.266667        1.07289    0.000419745      0.0671745       0.868687       -0.23082
       0.633333              3      -0.266667        1.05867    0.000357481      0.0711909        0.85577      -0.225035
       0.677778              3      -0.266667        1.04446    0.000296847      0.0739403       0.842878      -0.221011
       0.722222              3      -0.266667        1.03025    0.000237974      0.0753696       0.829972      -0.217056
       0.766667              3      -0.266667        1.01609    0.000181117      0.0753922       0.817101      -0.211737
       0.811111              3      -0.266667        1.00216     0.00012667      0.0738935       0.804411      -0.203429
       0.855556              3      -0.266667       0.988803    7.52607e-05      0.0707409       0.792189      -0.189623
            0.9              3      -0.266667       0.976578    2.78566e-05      0.0658366       0.780941      -0.166679
       0.944444              3      -0.266667       0.966337   -1.42765e-05      0.0592507       0.771433      -0.131425
       0.988889              3      -0.266667       0.959024   -5.00337e-05      0.0513989       0.764531      -0.085127
        1.03333              3      -0.266667       0.955203   -7.92058e-05      0.0430815       0.760776      -0.036223
        1.07778              3      -0.266667        0.95465   -0.000102733      0.0352081           0.76     0.00424338
        1.12222              3      -0.266667       0.956487   -0.000122116      0.0284027       0.761429      0.0307272
        1.16667              3      -0.266667       0.959687   -0.000138709      0.0228667       0.764139      0.0444506
        1.21111              3      -0.266667       0.963453   -0.000153429      0.0185105       0.767405      0.0494535
        1.25556              3      -0.266667       0.967298   -0.000166801      0.0151319       0.770777      0.0494792
            1.3              3      -0.266667       0.970973   -0.000179083      0.0125229       0.774022      0.0470706
        1.34444              3      -0.266667       0.974378   -0.000190384      0.0105102       0.777041      0.0437327
        1.38889              3      -0.266667        0.97749   -0.000200734     0.00896115       0.779811      0.0402958
        1.43333              3      -0.266667       0.980332   -0.000210123     0.00777783       0.782346      0.0371965
        1.47778              3      -0.266667       0.982945   -0.000218527     0.00688789       0.784681      0.0346412
      -0.477778              3           -0.2        0.97173    0.000966359     -0.0109794       0.774681     -0.0702514
      -0.433333              3           -0.2       0.966213    0.000947449     -0.0127686       0.769781     -0.0766892
      -0.388889              3           -0.2       0.960057    0.000926196     -0.0152227       0.764334     -0.0844504
      -0.344444              3           -0.2       0.953136    0.000902566     -0.0185573       0.758242     -0.0929059
           -0.3              3           -0.2       0.945376     0.00087671     -0.0230989       0.751459      -0.100709
      -0.255556              3           -0.2       0.936828    0.000849144     -0.0293446       0.744067      -0.104951
      -0.211111              3           -0.2       0.927849    0.000821121     -0.0380368       0.736443     -0.0994548
      -0.166667              3           -0.2       0.919485    0.000795335     -0.0502213        0.72962     -0.0714993
      -0.122222              3           -0.2       0.914216    0.000777124     -0.0671302        0.72596     0.00315394
     -0.0777778              3           -0.2        0.91703    0.000775779     -0.0894547       0.730082       0.162086
     -0.0333333              3           -0.2       0.935686    0.000803818      -0.115454       0.748917       0.438209
      0.0111111              3           -0.2        0.97764    0.000871943      -0.138925       0.788713       0.819191
      0.0555556              3           -0.2        1.04481    0.000984988      -0.150847       0.850769         1.2655
            0.1              3           -0.2        1.13203     0.00113508      -0.143891       0.931094        1.72099
       0.144444              3           -0.2        1.21686     0.00124953      -0.114684        1.01026        1.52146
       0.188889              3           -0.2        1.25998     0.00123545     -0.0712012        1.05021       0.174761
       0.233333              3           -0.2        1.24985     0.00112905     -0.0317573        1.03833      -0.791956
       0.277778              3           -0.2        1.22125     0.00102794    -0.00598076        1.00928      -0.594142
       0.322222              3           -0.2        1.19574    0.000926063      0.0135404       0.984116      -0.550127
       0.366667              3           -0.2        1.17183    0.000831863      0.0290081        0.96104      -0.444473
       0.411111              3           -0.2        1.15047    0.000741967       0.041711       0.940781       -0.39385
       0.455556              3           -0.2          1.131     0.00065835      0.0520183       0.922549      -0.332722
            0.5              3           -0.2        1.11323    0.000578646      0.0605705       0.906102      -0.302171
       0.544444              3           -0.2        1.09641    0.000502726      0.0675876       0.890649      -0.277017
       0.588889              3           -0.2        1.08016     0.00042959      0.0732991       0.875816       -0.26483
       0.633333              3           -0.2        1.06405    0.000358996      0.0777466       0.861163      -0.257376
       0.677778              3           -0.2         1.0479     0.00029079       0.080913       0.846499      -0.253317
       0.722222              3           -0.2        1.03159    0.000225039      0.0827161       0.831713      -0.250061
       0.766667              3           -0.2        1.01516    0.000161894      0.0830302         0.8168      -0.246361
       0.811111              3           -0.2       0.998697     0.00010159      0.0816708       0.801833      -0.240908
       0.855556              3           -0.2        0.98246    4.46031e-05      0.0783613       0.787023      -0.230781
            0.9              3           -0.2       0.967088   -7.95564e-06      0.0727477       0.772921      -0.209179
       0.944444              3           -0.2         0.9539   -5.40281e-05      0.0646118       0.760698      -0.166179
       0.988889              3           -0.2       0.944798   -9.12755e-05      0.0543739        0.75208     -0.0984059
        1.03333              3           -0.2       0.941137   -0.000119169      0.0434474       0.748349     -0.0230653
        1.07778              3           -0.2       0.942419   -0.000139915      0.0335813       0.749124      0.0330051
        1.12222              3           -0.2       0.946722   -0.000156449       0.025715       0.752709       0.061714
        1.16667              3           -0.2       0.952218   -0.000170804      0.0198452        0.75745      0.0709058
        1.21111              3           -0.2        0.95782   -0.000183988       0.015561       0.762351      0.0700251
        1.25556              3           -0.2        0.96305   -0.000196396      0.0124291        0.76696      0.0649774
            1.3              3           -0.2       0.967754   -0.000208126      0.0101155       0.771126      0.0587286
        1.34444              3           -0.2       0.971928   -0.000219153     0.00838734       0.774834      0.0526242
        1.38889              3           -0.2       0.975627   -0.000229408     0.00708758        0.77813       0.047226
        1.43333              3           -0.2       0.978927   -0.000238815     0.00611055       0.781077      0.0427365
        1.47778              3           -0.2       0.981908   -0.000247301     0.00538409       0.783743      0.0392033
      -0.477778              3      -0.133333       0.969785     0.00099264    -0.00762031       0.772917     -0.0794087
      -0.433333              3      -0.133333       0.963491    0.000971763     -0.0089115       0.767317     -0.0881554
      -0.388889              3      -0.133333       0.956315    0.000948176     -0.0107111       0.760955     -0.0995733
      -0.344444              3      -0.133333       0.947993    0.000921678       -0.01321       0.753606      -0.113719
           -0.3              3      -0.133333       0.938222    0.000892169     -0.0167196       0.745022      -0.130433
      -0.255556              3      -0.133333        0.92668    0.000859793     -0.0217642       0.734956      -0.148713
      -0.211111              3      -0.133333       0.913115    0.000825312     -0.0292523       0.723253      -0.165065
      -0.166667              3      -0.133333       0.897665    0.000791052      -0.040788       0.710176      -0.168812
      -0.122222              3      -0.133333       0.881903     0.00076336     -0.0591328        0.69741      -0.128908
     -0.0777778              3      -0.133333       0.871875    0.000758261     -0.0882334       0.690877      0.0361148
     -0.0333333              3      -0.133333       0.883562    0.000807029      -0.129622       0.705332       0.464327
      0.0111111              3      -0.133333       0.939057    0.000938719      -0.171443       0.759361        1.15445
      0.0555556              3      -0.133333        1.03888     0.00114547      -0.189491       0.851111        1.81598
            0.1              3      -0.133333        1.16637     0.00142031      -0.175472       0.968153        2.65877
       0.144444              3      -0.133333        1.28621     0.00162016      -0.133738        1.08212        2.38444
       0.188889              3      -0.133333        1.33687     0.00157416     -0.0788335        1.13029      -0.196815
       0.233333              3      -0.133333        1.30022     0.00135989     -0.0317364        1.08984       -1.96352
       0.277778              3      -0.133333         1.2523     0.00124101    -0.00651915        1.04041      -0.580263
       0.322222              3      -0.133333        1.22315     0.00109429      0.0147072        1.01124      -0.797886
       0.366667              3      -0.133333        1.19336    0.000970555      0.0314346       0.982115      -0.506653
       0.411111              3      -0.133333        1.16842    0.000845299      0.0456072       0.958248      -0.510727
       0.455556              3      -0.133333        1.14544    0.000734543      0.0566828       0.936564      -0.376178
            0.5              3      -0.133333        1.12535    0.000627905      0.0660548       0.917875      -0.360581
       0.544444              3      -0.133333        1.10627    0.000529992      0.0736064       0.900285      -0.310046
       0.588889              3      -0.133333        1.08822    0.000437109      0.0799429       0.883772      -0.301717
       0.633333              3      -0.133333        1.07019    0.000350065      0.0849719       0.867353      -0.289299
       0.677778              3      -0.133333        1.05208    0.000268024      0.0887523       0.850928      -0.286802
       0.722222              3      -0.133333        1.03362    0.000191079      0.0911467       0.834211      -0.284021
       0.766667              3      -0.133333         1.0148     0.00011905      0.0920228       0.817177      -0.282586
       0.811111              3      -0.133333       0.995551    5.17236e-05      0.0911572       0.799743      -0.281971
       0.855556              3      -0.133333       0.975839   -1.11804e-05      0.0881333       0.781851      -0.281714
            0.9              3      -0.133333       0.956002   -6.91627e-05      0.0821484       0.763753      -0.272563
       0.944444              3      -0.133333       0.937761   -0.000119395      0.0721258       0.746928      -0.229227
       0.988889              3      -0.133333       0.925233   -0.000156376      0.0579274       0.735051      -0.122415
        1.03333              3      -0.133333        0.92237   -0.000178508       0.042391       0.731802      0.0112505
        1.07778              3      -0.133333       0.927691   -0.000192364      0.0296696       0.736036      0.0880304
        1.12222              3      -0.133333       0.936273   -0.000203749      0.0209392       0.743379       0.108361
        1.16667              3      -0.133333       0.944983   -0.000214904      0.0152562       0.750971       0.103861
        1.21111              3      -0.133333       0.952758   -0.000226269      0.0115123       0.757808      0.0923024
        1.25556              3      -0.133333       0.959433    -0.00023772     0.00896488       0.763708      0.0801269
            1.3              3      -0.133333       0.965115    -0.00024901     0.00717327        0.76875      0.0692983
        1.34444              3      -0.133333       0.969972   -0.000259904     0.00587905       0.773072      0.0602483
        1.38889              3      -0.133333       0.974166   -0.000270205     0.00492749       0.776813      0.0529261
        1.43333              3      -0.133333        0.97784   -0.000279756       0.004223       0.780095      0.0471606
        1.47778              3      -0.133333       0.981113   -0.000288433     0.00370451       0.783024      0.0427919
      -0.477778              3     -0.0666667       0.968548     0.00100926    -0.00390333       0.771794     -0.0853891
      -0.433333              3     -0.0666667       0.961738    0.000986597    -0.00458174       0.765731     -0.0957868
      -0.388889              3     -0.0666667       0.953871    0.000960946    -0.00553771       0.758747       -0.10993
      -0.344444              3     -0.0666667        0.94456    0.000931969     -0.0068854       0.750511      -0.128552
           -0.3              3     -0.0666667       0.933297    0.000899329    -0.00882094       0.740588      -0.152824
      -0.255556              3     -0.0666667       0.919365    0.000862763     -0.0116994       0.728379      -0.184411
      -0.211111              3     -0.0666667       0.901726    0.000822308     -0.0162094       0.713032      -0.225344
      -0.166667              3     -0.0666667       0.878843    0.000779055     -0.0238107       0.693329      -0.276684
      -0.122222              3     -0.0666667       0.848614    0.000738014     -0.0379507       0.667775      -0.330074
     -0.0777778              3     -0.0666667       0.810308    0.000721445     -0.0676545       0.636839      -0.309197
     -0.0333333              3     -0.0666667       0.784302    0.000833638      -0.134333       0.622141       0.268265
      0.0111111              3     -0.0666667       0.864356    0.000847814      -0.233849       0.707428        2.10397
      0.0555556              3     -0.0666667        1.04978     0.00100573      -0.253115       0.873228        2.75189
            0.1              3     -0.0666667        1.22895     0.00134934      -0.206747        1.03426        3.73805
       0.144444              3     -0.0666667        1.37158     0.00160867      -0.149144        1.17369        3.04439
       0.188889              3     -0.0666667        1.42368     0.00157091     -0.0937747        1.22553      -0.398265
       0.233333              3     -0.0666667        1.35554     0.00121895     -0.0463826        1.14854       -4.19818
       0.277778              3     -0.0666667        1.28628     0.00117075     -0.0133912        1.07512     -0.0647469
       0.322222              3     -0.0666667        1.25528    0.000985955      0.0119148        1.04347        -1.3209
       0.366667              3     -0.0666667        1.21811    0.000862773       0.032152        1.00656      -0.448592
       0.411111              3     -0.0666667        1.18889    0.000706454      0.0481061       0.978283      -0.757358
       0.455556              3     -0.0666667        1.16175    0.000610389      0.0610214       0.952473      -0.368426
            0.5              3     -0.0666667        1.13918    0.000504865      0.0714395       0.931365      -0.476543
       0.544444              3     -0.0666667        1.11751    0.000427121      0.0797094       0.911281      -0.312653
       0.588889              3     -0.0666667        1.09776    0.000354369      0.0870312       0.893201      -0.356072
       0.633333              3     -0.0666667        1.07769    0.000281762      0.0927125       0.874908      -0.313111
       0.677778              3     -0.0666667        1.05771    0.000218077      0.0973534       0.856809      -0.326572
       0.722222              3     -0.0666667          1.037    0.000147488       0.100627       0.838096      -0.316227
       0.766667              3     -0.0666667        1.01576    8.75013e-05       0.102371       0.818939      -0.318423
       0.811111              3     -0.0666667       0.993728    5.84168e-06       0.102536       0.799101      -0.319585
       0.855556              3     -0.0666667       0.970159   -5.94245e-05        0.10072       0.777881      -0.335283
            0.9              3     -0.0666667       0.944267   -0.000237441      0.0957711       0.754514      -0.363141
       0.944444              3     -0.0666667       0.916438    -0.00027474      0.0845057       0.729155      -0.365453
       0.988889              3     -0.0666667       0.894838   -0.000290843      0.0628391       0.708828      -0.187871
        1.03333              3     -0.0666667       0.895414   -0.000284094      0.0371437       0.708082       0.122219
        1.07778              3     -0.0666667       0.910927   -0.000280694      0.0210746       0.721144       0.193929
        1.12222              3     -0.0666667       0.926565   -0.000284085      0.0130125       0.734711        0.16956
        1.16667              3     -0.0666667       0.939119   -0.000291587     0.00877646       0.745718       0.137792
        1.21111              3     -0.0666667       0.949002   -0.000301292     0.00633252       0.754437       0.111921
        1.25556              3     -0.0666667       0.956899   -0.000312042     0.00480067       0.761431      0.0921365
            1.3              3     -0.0666667       0.963335   -0.000323114     0.00377753       0.767148      0.0770876
        1.34444              3     -0.0666667       0.968686   -0.000334033     0.00306249       0.771914      0.0655825
        1.38889              3     -0.0666667       0.973222   -0.000344479     0.00254788       0.775961      0.0567656
        1.43333              3     -0.0666667       0.977144   -0.000354228     0.00217185       0.779466      0.0500534
        1.47778              3     -0.0666667       0.980608   -0.000363111     0.00189644       0.782567      0.0451009
      -0.477778              3              0       0.968123    0.000995049    6.04738e-06       0.771408     -0.0874711
      -0.433333              3              0       0.961133    0.000970715    6.59032e-06       0.765183     -0.0984711
      -0.388889              3              0       0.953019    0.000943272    7.26649e-06       0.757978       -0.11363
      -0.344444              3              0        0.94335    0.000912325    8.10996e-06       0.749419       -0.13397
           -0.3              3              0       0.931529    0.000877443    9.17116e-06       0.738995      -0.161269
      -0.255556              3              0       0.916665    0.000838181    1.05263e-05       0.725949      -0.198526
      -0.211111              3              0       0.897329    0.000794202    1.22958e-05       0.709078      -0.250996
      -0.166667              3              0       0.871006    0.000745825     1.4688e-05       0.686285      -0.328405
      -0.122222              3              0       0.832702    0.000696448     1.8135e-05       0.653463         -0.451
     -0.0777778              3              0       0.769548    0.000665435    2.38555e-05       0.600174      -0.685824
     -0.0333333              3              0       0.620743    0.000386336    3.72438e-05       0.478141       -1.36029
      0.0111111              3              0     -0.0563564    -0.00794773   -2.85499e-05              0              0
      0.0555556              3              0      0.0109521    -0.00262261   -3.69975e-05              0              0
            0.1              3              0        0.09084      -0.001801   -2.06454e-06              0              0
       0.144444              3              0        0.16131    -0.00142739    0.000141227              0              0
       0.188889              3              0       0.186704    -0.00120459    0.000251581              0              0
       0.233333              3              0       0.156574    -0.00105199     0.00020758              0              0
       0.277778              3              0       0.118511   -0.000937211    0.000112421              0              0
       0.322222              3              0      0.0953941   -0.000844097    4.18647e-05              0              0
       0.366667              3              0      0.0748766   -0.000763274    8.03664e-06              0              0
       0.411111              3              0      0.0591019   -0.000688558   -4.45734e-06              0              0
       0.455556              3              0      0.0459419   -0.000615315   -6.19522e-06              0              0
            0.5              3              0      0.0357496   -0.000539539   -5.73644e-06              0              0
       0.544444              3              0      0.0270415   -0.000457282    -4.8011e-06              0              0
       0.588889              3              0      0.0195748   -0.000364019   -3.97538e-06              0              0
       0.633333              3              0      0.0125141   -0.000253923    -3.2877e-06              0              0
       0.677778              3              0     0.00565363   -0.000118793   -2.72588e-06              0              0
       0.722222              3              0    -0.00110974     5.4442e-05   -2.23566e-06              0              0
       0.766667              3              0    -0.00805911    0.000287805   -1.82607e-06              0              0
       0.811111              3              0     -0.0149258    0.000623493   -1.48654e-06              0              0
       0.855556              3              0     -0.0221559     0.00115584   -1.18428e-06              0              0
            0.9              3              0     -0.0297004     0.00214413   -9.38556e-07              0              0
       0.944444              3              0     -0.0410209     0.00468192    -6.3324e-07              0              0
       0.988889              3              0     -0.0779265      0.0272102   -5.53219e-07              0              0
        1.03333              3              0       0.895414   -0.000442099              0       0.707412       0.142602
        1.07778              3              0       0.910927   -0.000437753              0       0.720931       0.200025
        1.12222              3              0       0.926565   -0.000440163              0        0.73463       0.171504
        1.16667              3              0       0.939118   -0.000446648              0       0.745682       0.138529
        1.21111              3              0       0.949002   -0.000455301              0       0.754418       0.112246
        1.25556              3              0       0.956899   -0.000464968              0        0.76142      0.0922989
            1.3              3              0       0.963335   -0.000474925              0       0.767142       0.077176
        1.34444              3              0       0.968686   -0.000484702              0       0.771909       0.065634
        1.38889              3              0       0.973222   -0.000493978              0       0.775958       0.056797
        1.43333              3              0       0.977144   -0.000502532              0       0.779464      0.0500732
        1.47778              3              0       0.980608   -0.000510197              0       0.782565      0.0451137
      -0.477778              3      0.0666667       0.968549    0.000690852     0.00391532       0.771795     -0.0853846
      -0.433333              3      0.0666667        0.96174    0.000666829     0.00459479       0.765733     -0.0957815
      -0.388889              3      0.0666667       0.953873    0.000639902     0.00555208       0.758749      -0.109923
      -0.344444              3      0.0666667       0.944563    0.000609731     0.00690142       0.750513      -0.128543
           -0.3              3      0.0666667         0.9333    0.000575983       0.008839       0.740591      -0.152813
      -0.255556              3      0.0666667        0.91937    0.000538397        0.01172       0.728383      -0.184396
      -0.211111              3      0.0666667       0.901732    0.000497009      0.0162334       0.713037      -0.225323
      -0.166667              3      0.0666667       0.878851    0.000452911      0.0238391       0.693337       -0.27665
      -0.122222              3      0.0666667       0.848626    0.000411109       0.037985       0.667786      -0.330015
     -0.0777778              3      0.0666667       0.810327    0.000393848      0.0676968       0.636858       -0.30907
     -0.0333333              3      0.0666667       0.784337    0.000505371       0.134384       0.622176       0.268592
      0.0111111              3      0.0666667       0.864421    0.000519027       0.233903       0.707495        2.10472
      0.0555556              3      0.0666667        1.04991     0.00067671       0.253172       0.873357        2.75427
            0.1              3      0.0666667        1.22942     0.00102135       0.206815        1.03473        3.75521
       0.144444              3      0.0666667        1.37228     0.00127972       0.149185        1.17445        3.04094
       0.188889              3      0.0666667         1.4239      0.0012393      0.0937674        1.22577      -0.429838
       0.233333              3      0.0666667        1.35525    0.000886453      0.0463555        1.14823       -4.20414
       0.277778              3      0.0666667        1.28593    0.000838252      0.0133787        1.07475      -0.064025
       0.322222              3      0.0666667        1.25502    0.000653864     -0.0119186         1.0432       -1.31738
       0.366667              3      0.0666667        1.21795    0.000531187     -0.0321512         1.0064      -0.446895
       0.411111              3      0.0666667        1.18881    0.000375497     -0.0481034       0.978195      -0.755928
       0.455556              3      0.0666667         1.1617    0.000280038     -0.0610192       0.952422      -0.368108
            0.5              3      0.0666667        1.13914    0.000175224     -0.0714374       0.931328      -0.476205
       0.544444              3      0.0666667        1.11748    9.82066e-05     -0.0797077       0.911255      -0.312512
       0.588889              3      0.0666667        1.09774    2.62981e-05     -0.0870297       0.893181      -0.355952
       0.633333              3      0.0666667        1.07767    -4.5416e-05     -0.0927113       0.874893      -0.313032
       0.677778              3      0.0666667         1.0577   -0.000108121     -0.0973523       0.856797      -0.326509
       0.722222              3      0.0666667        1.03699   -0.000177646      -0.100626       0.838087      -0.316181
       0.766667              3      0.0666667        1.01575   -0.000236485      -0.102371       0.818932      -0.318386
       0.811111              3      0.0666667       0.993721   -0.000317164      -0.102536       0.799095      -0.319557
       0.855556              3      0.0666667       0.970154   -0.000381152      -0.100719       0.777876       -0.33526
            0.9              3      0.0666667       0.944263   -0.000558794     -0.0957713       0.754511      -0.363123
       0.944444              3      0.0666667       0.916435    -0.00059435     -0.0845062       0.729153      -0.365438
       0.988889              3      0.0666667       0.894837   -0.000608677       -0.06284       0.708827      -0.187862
        1.03333              3      0.0666667       0.895413   -0.000600105     -0.0371451       0.708081       0.122223
        1.07778              3      0.0666667       0.910927   -0.000594813     -0.0210765       0.721143       0.193931
        1.12222              3      0.0666667       0.926565   -0.000596241     -0.0130147        0.73471       0.169562
        1.16667              3      0.0666667       0.939118   -0.000601708    -0.00877903       0.745718       0.137793
        1.21111              3      0.0666667       0.949002    -0.00060931    -0.00633536       0.754436       0.111921
        1.25556              3      0.0666667       0.956898   -0.000617894    -0.00480373        0.76143      0.0921371
            1.3              3      0.0666667       0.963335   -0.000626737    -0.00378077       0.767148      0.0770881
        1.34444              3      0.0666667       0.968686   -0.000635371    -0.00306589       0.771914       0.065583
        1.38889              3      0.0666667       0.973222   -0.000643478    -0.00255142       0.775961       0.056766
        1.43333              3      0.0666667       0.977144   -0.000650837     -0.0021755       0.779466      0.0500538
        1.47778              3      0.0666667       0.980608   -0.000657283    -0.00190019       0.782567      0.0451013
      -0.477778              3       0.133333       0.969788    0.000671932       0.007632       0.772919     -0.0794001
      -0.433333              3       0.133333       0.963494    0.000647201     0.00892419        0.76732     -0.0881453
      -0.388889              3       0.133333        0.95632    0.000619772      0.0107251       0.760959     -0.0995609
      -0.344444              3       0.133333       0.947999    0.000589449      0.0132254       0.753611      -0.113704
           -0.3              3       0.133333       0.938229    0.000556137      0.0167368       0.745029      -0.130413
      -0.255556              3       0.133333       0.926688    0.000519985      0.0217837       0.734963      -0.148685
      -0.211111              3       0.133333       0.913126     0.00048176      0.0292746       0.723263      -0.165026
      -0.166667              3       0.133333        0.89768    0.000443792       0.040814        0.71019      -0.168754
      -0.122222              3       0.133333       0.881923    0.000412431      0.0591633        0.69743      -0.128815
     -0.0777778              3       0.133333       0.871905    0.000403702      0.0882696       0.690906      0.0362818
     -0.0333333              3       0.133333       0.883607    0.000448882       0.129665       0.705377       0.464662
      0.0111111              3       0.133333       0.939133    0.000577051       0.171495       0.759436        1.15524
      0.0555556              3       0.133333        1.03903    0.000780484       0.189552       0.851261         1.8185
            0.1              3       0.133333        1.16677     0.00105255       0.175509       0.968535        2.66773
       0.144444              3       0.133333        1.28674      0.0012487       0.133657        1.08265        2.38258
       0.188889              3       0.133333        1.33705     0.00119787      0.0786636        1.13047      -0.216113
       0.233333              3       0.133333        1.30001     0.00097987      0.0315977        1.08962       -1.96902
       0.277778              3       0.133333        1.25201    0.000857931     0.00644453        1.04012      -0.579829
       0.322222              3       0.133333        1.22293    0.000708519     -0.0147363        1.01102      -0.795321
       0.366667              3       0.133333        1.19322     0.00058219     -0.0314425       0.981974      -0.504967
       0.411111              3       0.133333        1.16834    0.000454427     -0.0456072       0.958164      -0.509751
       0.455556              3       0.133333        1.14539    0.000341269     -0.0566819       0.936512      -0.375742
            0.5              3       0.133333        1.12531     0.00023237     -0.0660538       0.917838      -0.360314
       0.544444              3       0.133333        1.10625    0.000132345     -0.0736056       0.900258      -0.309888
       0.588889              3       0.133333         1.0882    3.75073e-05     -0.0799423       0.883752      -0.301606
       0.633333              3       0.133333        1.07017   -5.13309e-05     -0.0849714       0.867337      -0.289221
       0.677778              3       0.133333        1.05207   -0.000135001      -0.088752       0.850916      -0.286743
       0.722222              3       0.133333        1.03361    -0.00021341     -0.0911466       0.834201      -0.283976
       0.766667              3       0.133333        1.01479   -0.000286734     -0.0920228        0.81717      -0.282551
       0.811111              3       0.133333       0.995544   -0.000355186     -0.0911574       0.799737      -0.281944
       0.855556              3       0.133333       0.975834   -0.000419045     -0.0881337       0.781847      -0.281692
            0.9              3       0.133333       0.955998   -0.000477811     -0.0821491        0.76375      -0.272546
       0.944444              3       0.133333       0.937758   -0.000528656     -0.0721268       0.746925      -0.229214
       0.988889              3       0.133333        0.92523   -0.000566076     -0.0579287       0.735049      -0.122406
        1.03333              3       0.133333       0.922369   -0.000588475     -0.0423927       0.731801      0.0112555
        1.07778              3       0.133333       0.927689   -0.000602426     -0.0296716       0.736035      0.0880335
        1.12222              3       0.133333       0.936272   -0.000613734     -0.0209416       0.743378       0.108363
        1.16667              3       0.133333       0.944982   -0.000624642     -0.0152589        0.75097       0.103863
        1.21111              3       0.133333       0.952758   -0.000635592     -0.0115151       0.757807      0.0923038
        1.25556              3       0.133333       0.959432   -0.000646462    -0.00896795       0.763708      0.0801281
            1.3              3       0.133333       0.965114    -0.00065701    -0.00717652        0.76875      0.0692994
        1.34444              3       0.133333       0.969971   -0.000667002    -0.00588245       0.773072      0.0602492
        1.38889              3       0.133333       0.974166   -0.000676246    -0.00493102       0.776813      0.0529269
        1.43333              3       0.133333        0.97784   -0.000684589    -0.00422664       0.780095      0.0471613
        1.47778              3       0.133333       0.981113    -0.00069191    -0.00370824       0.783024      0.0427926
      -0.477778              3            0.2       0.971734    0.000680601      0.0109906       0.774685     -0.0702393
      -0.433333              3            0.2       0.966219    0.000655891      0.0127807       0.769785      -0.076675
      -0.388889              3            0.2       0.960063    0.000628781      0.0152359       0.764339     -0.0844332
      -0.344444              3            0.2       0.953144    0.000599245      0.0185717       0.758249     -0.0928842
           -0.3              3            0.2       0.945386     0.00056744      0.0231149       0.751468      -0.100681
      -0.255556              3            0.2        0.93684    0.000533892      0.0293624       0.744078      -0.104913
      -0.211111              3            0.2       0.927864    0.000499861      0.0380568       0.736458     -0.0994029
      -0.166667              3            0.2       0.919505    0.000468051       0.050244       0.729639     -0.0714243
      -0.122222              3            0.2       0.914243    0.000443808       0.067156       0.725985     0.00326942
     -0.0777778              3            0.2       0.917067    0.000436434      0.0894842       0.730117       0.162279
     -0.0333333              3            0.2       0.935741    0.000458465       0.115488       0.748969        0.43857
      0.0111111              3            0.2       0.977727    0.000520635       0.138962       0.788795       0.819959
      0.0555556              3            0.2        1.04497    0.000627846       0.150881       0.850913        1.26731
            0.1              3            0.2         1.1323    0.000772252       0.143888       0.931351         1.7243
       0.144444              3            0.2        1.21718    0.000880753       0.114581        1.01057        1.52113
       0.188889              3            0.2        1.26012    0.000860208      0.0710187        1.05034       0.166552
       0.233333              3            0.2        1.24975    0.000747718      0.0315962        1.03822      -0.796309
       0.277778              3            0.2        1.22106    0.000640985     0.00588307        1.00908      -0.594092
       0.322222              3            0.2        1.19557     0.00053375     -0.0135858       0.983948      -0.548772
       0.366667              3            0.2        1.17171    0.000434316     -0.0290257       0.960923       -0.44336
       0.411111              3            0.2         1.1504    0.000339302     -0.0417173       0.940705      -0.393137
       0.455556              3            0.2        1.13094    0.000250696      -0.052021       0.922498      -0.332319
            0.5              3            0.2        1.11319    0.000166156     -0.0605719       0.906066      -0.301929
       0.544444              3            0.2        1.09638    8.55695e-05     -0.0675885       0.890623      -0.276863
       0.588889              3            0.2        1.08014    7.94865e-06     -0.0732998       0.875796      -0.264725
       0.633333              3            0.2        1.06403   -6.69373e-05     -0.0777472       0.861148        -0.2573
       0.677778              3            0.2        1.04788   -0.000139233     -0.0809135       0.846487      -0.253261
       0.722222              3            0.2        1.03158   -0.000208864     -0.0827167       0.831703      -0.250019
       0.766667              3            0.2        1.01515   -0.000275672     -0.0830309       0.816793      -0.246328
       0.811111              3            0.2        0.99869   -0.000339417     -0.0816716       0.801827      -0.240882
       0.855556              3            0.2       0.982455   -0.000399614     -0.0783623       0.787018       -0.23076
            0.9              3            0.2       0.967084    -0.00045515     -0.0727489       0.772918      -0.209162
       0.944444              3            0.2       0.953897   -0.000503963     -0.0646133       0.760695      -0.166167
       0.988889              3            0.2       0.944795   -0.000543709     -0.0543756       0.752078     -0.0983974
        1.03333              3            0.2       0.941135   -0.000573859     -0.0434493       0.748347     -0.0230595
        1.07778              3            0.2       0.942417   -0.000596615     -0.0335836       0.749122      0.0330091
        1.12222              3            0.2       0.946721   -0.000614915     -0.0257175       0.752708      0.0617169
        1.16667              3            0.2       0.952216   -0.000630789     -0.0198479       0.757449      0.0709081
        1.21111              3            0.2       0.957819   -0.000645248     -0.0155639        0.76235       0.070027
        1.25556              3            0.2       0.963049   -0.000658688     -0.0124322       0.766959       0.064979
            1.3              3            0.2       0.967753   -0.000671208     -0.0101187       0.771125        0.05873
        1.34444              3            0.2       0.971927   -0.000682787    -0.00839073       0.774834      0.0526254
        1.38889              3            0.2       0.975626   -0.000693359    -0.00709109        0.77813      0.0472271
        1.43333              3            0.2       0.978927   -0.000702853    -0.00611416       0.781077      0.0427376
        1.47778              3            0.2       0.981908   -0.000711199    -0.00538779       0.783743      0.0392042
      -0.477778              3       0.266667       0.974241    0.000695719      0.0138706       0.776957     -0.0588607
      -0.433333              3       0.266667       0.969674    0.000671487      0.0160216       0.772909     -0.0627759
      -0.388889              3       0.266667        0.96472    0.000645179      0.0189171        0.76854     -0.0667733
      -0.344444              3       0.266667       0.959376    0.000616913      0.0227553       0.763861     -0.0697853
           -0.3              3       0.266667       0.953738    0.000587028      0.0278106       0.758975     -0.0698766
      -0.255556              3       0.266667       0.948089     0.00055625      0.0344521       0.754163     -0.0636022
      -0.211111              3       0.266667        0.94305    0.000525956      0.0431426       0.750025     -0.0450135
      -0.166667              3       0.266667       0.939833     0.00049855      0.0543735         0.7477    -0.00445675
      -0.122222              3       0.266667       0.940552    0.000477886      0.0684447       0.749144      0.0718879
     -0.0777778              3       0.266667       0.948411    0.000469379      0.0849777       0.757261       0.199253
     -0.0333333              3       0.266667       0.967315    0.000479249       0.102217       0.775493        0.38619
      0.0111111              3       0.266667        1.00056    0.000512849       0.116632       0.806624       0.626707
      0.0555556              3       0.266667        1.04908    0.000572201       0.123442        0.85139       0.898269
            0.1              3       0.266667        1.10907    0.000647639       0.117731       0.906501        1.10649
       0.144444              3       0.266667        1.16667    0.000701754      0.0967361       0.959571       0.951217
       0.188889              3       0.266667        1.20078    0.000691858      0.0648299       0.990723       0.298942
       0.233333              3       0.266667        1.20372    0.000626229      0.0330344       0.992343      -0.269719
       0.277778              3       0.266667        1.18907    0.000542678     0.00830382       0.977532      -0.398928
       0.322222              3       0.266667        1.17028     0.00045583     -0.0105674        0.95923      -0.394369
       0.366667              3       0.266667        1.15147    0.000371178     -0.0254257       0.941277      -0.352356
       0.411111              3       0.266667         1.1338    0.000289654     -0.0374426       0.924669      -0.314174
       0.455556              3       0.266667        1.11735    0.000211625     -0.0472484        0.90939      -0.279739
            0.5              3       0.266667        1.10195     0.00013649     -0.0553129       0.895209      -0.256284
       0.544444              3       0.266667        1.08722    6.38194e-05     -0.0619026       0.881738      -0.240261
       0.588889              3       0.266667        1.07287    -6.7993e-06     -0.0671767       0.868668      -0.230723
       0.633333              3       0.266667        1.05865   -7.55519e-05     -0.0711926       0.855755      -0.224965
       0.677778              3       0.266667        1.04445   -0.000142445     -0.0739418       0.842866      -0.220959
       0.722222              3       0.266667        1.03024   -0.000207335      -0.075371       0.829962      -0.217016
       0.766667              3       0.266667        1.01608   -0.000269956     -0.0753936       0.817093      -0.211705
       0.811111              3       0.266667        1.00216   -0.000329902     -0.0738949       0.804405      -0.203405
       0.855556              3       0.266667       0.988797    -0.00038654     -0.0707423       0.792184      -0.189604
            0.9              3       0.266667       0.976573   -0.000438892     -0.0658382       0.780937      -0.166664
       0.944444              3       0.266667       0.966333   -0.000485685     -0.0592525        0.77143      -0.131413
       0.988889              3       0.266667       0.959021   -0.000525809     -0.0514009       0.764529     -0.0851184
        1.03333              3       0.266667         0.9552   -0.000559049     -0.0430837       0.760774     -0.0362168
        1.07778              3       0.266667       0.954648   -0.000586342     -0.0352105       0.759998     0.00424798
        1.12222              3       0.266667       0.956485   -0.000609186     -0.0284053       0.761427      0.0307308
        1.16667              3       0.266667       0.959685   -0.000628933     -0.0228695       0.764138      0.0444535
        1.21111              3       0.266667       0.963451     -0.0006465     -0.0185135       0.767404      0.0494559
        1.25556              3       0.266667       0.967297   -0.000662411      -0.015135       0.770776      0.0494812
            1.3              3       0.266667       0.970973   -0.000676926     -0.0125262       0.774022      0.0470723
        1.34444              3       0.266667       0.974377   -0.000690157     -0.0105136       0.777041      0.0437342
        1.38889              3       0.266667        0.97749   -0.000702136    -0.00896464        0.77981      0.0402972
        1.43333              3       0.266667       0.980332   -0.000712857    -0.00778142       0.782346      0.0371978
        1.47778              3       0.266667       0.982944     -0.0007223    -0.00689156       0.784681      0.0346424
      -0.477778              3       0.333333       0.977145    0.000710578      0.0162013       0.779585       -0.04622
      -0.433333              3       0.333333       0.973608    0.000687101      0.0185779       0.776461     -0.0477525
      -0.388889              3       0.333333        0.96991    0.000661846      0.0217169       0.773219     -0.0484691
      -0.344444              3       0.333333       0.966132    0.000635021      0.0257771       0.769939     -0.0471454
           -0.3              3       0.333333       0.962461    0.000607055      0.0309549       0.766807     -0.0418073
      -0.255556              3       0.333333       0.959267    0.000578707      0.0374784       0.764175     -0.0293918
      -0.211111              3       0.333333       0.957197    0.000551221      0.0455716       0.762648    -0.00536538
      -0.166667              3       0.333333       0.957295    0.000526488      0.0553674       0.763193      0.0364054
      -0.122222              3       0.333333       0.961088    0.000507135      0.0667391       0.767202       0.102976
     -0.0777778              3       0.333333        0.97054    0.000496387      0.0790458       0.776433       0.200192
     -0.0333333              3       0.333333       0.987719    0.000497549       0.090871       0.792694       0.329259
      0.0111111              3       0.333333        1.01414    0.000512997      0.0999244       0.817252       0.482906
      0.0555556              3       0.333333        1.04975    0.000542098       0.103239           0.85       0.636488
            0.1              3       0.333333         1.0913    0.000576672      0.0977822       0.888006       0.719949
       0.144444              3       0.333333        1.13045    0.000597397      0.0820502       0.923722       0.609409
       0.188889              3       0.333333        1.15625    0.000584785       0.058512       0.947044       0.281507
       0.233333              3       0.333333        1.16382     0.00053863      0.0332088       0.953382     -0.0510893
       0.277778              3       0.333333        1.15789     0.00047365      0.0110029       0.947251      -0.217906
       0.322222              3       0.333333        1.14581    0.000401633    -0.00699908       0.935594      -0.264889
       0.366667              3       0.333333        1.13188    0.000328361     -0.0214243       0.922445      -0.262044
       0.411111              3       0.333333        1.11787    0.000256034     -0.0330857       0.909399      -0.245596
       0.455556              3       0.333333        1.10431    0.000185374     -0.0425864       0.896903      -0.227884
            0.5              3       0.333333        1.09127    0.000116427     -0.0503479       0.884967      -0.213872
       0.544444              3       0.333333         1.0786    4.90604e-05     -0.0566369       0.873433      -0.204064
       0.588889              3       0.333333        1.06615   -1.68521e-05     -0.0616069       0.862132      -0.197731
       0.633333              3       0.333333         1.0538   -8.13387e-05     -0.0653278       0.850935      -0.193511
       0.677778              3       0.333333         1.0415   -0.000144307      -0.067812       0.839777      -0.189991
       0.722222              3       0.333333        1.02926   -0.000205551     -0.0690357       0.828669      -0.185887
       0.766667              3       0.333333         1.0172   -0.000264754     -0.0689546       0.817693      -0.179974
       0.811111              3       0.333333         1.0055    -0.00032148     -0.0675174       0.807014      -0.170895
       0.855556              3       0.333333       0.994463   -0.000375141     -0.0646893       0.796902      -0.157002
            0.9              3       0.333333       0.984529   -0.000424995     -0.0604946       0.787746      -0.136601
       0.944444              3       0.333333       0.976229   -0.000470244     -0.0550851       0.780035      -0.108962
       0.988889              3       0.333333       0.970067   -0.000510289     -0.0487988       0.774236     -0.0757762
        1.03333              3       0.333333       0.966314   -0.000545015     -0.0421422       0.770614     -0.0415538
        1.07778              3       0.333333       0.964853    -0.00057488     -0.0356634       0.769081     -0.0116697
        1.12222              3       0.333333        0.96523   -0.000600697     -0.0297868       0.769238      0.0105029
        1.16667              3       0.333333       0.966851    -0.00062332     -0.0247309       0.770555      0.0245805
        1.21111              3       0.333333       0.969179   -0.000643444      -0.020533       0.772543      0.0321137
        1.25556              3       0.333333       0.971819   -0.000661549     -0.0171232        0.77484      0.0351654
            1.3              3       0.333333       0.974522   -0.000677934     -0.0143903       0.777214      0.0355075
        1.34444              3       0.333333       0.977148   -0.000692771     -0.0122205       0.779536      0.0344095
        1.38889              3       0.333333       0.979636   -0.000706151     -0.0105144       0.781746      0.0327063
        1.43333              3       0.333333       0.981971   -0.000718114    -0.00919131       0.783825      0.0309335
        1.47778              3       0.333333       0.984165   -0.000728673    -0.00818623       0.785785      0.0294098
      -0.477778              3            0.4       0.980285    0.000722396      0.0179557       0.782424     -0.0330784
      -0.433333              3            0.4       0.977795    0.000699829      0.0204398       0.780238     -0.0325623
      -0.388889              3            0.4       0.975326    0.000675725       0.023666       0.778095     -0.0307603
      -0.344444              3            0.4       0.972995    0.000650337      0.0277468       0.776109     -0.0264363
           -0.3              3            0.4       0.971025    0.000624101      0.0328046       0.774491      -0.017904
      -0.255556              3            0.4       0.969779    0.000597704      0.0389542       0.773582    -0.00285462
      -0.211111              3            0.4        0.96981    0.000572156      0.0462592       0.773896      0.0217174
      -0.166667              3            0.4       0.971907    0.000548832      0.0546578       0.776155      0.0592858
      -0.122222              3            0.4       0.977091    0.000529451      0.0638526       0.781282       0.113057
     -0.0777778              3            0.4       0.986528    0.000515886      0.0731803       0.790309       0.184591
     -0.0333333              3            0.4        1.00129    0.000509767      0.0815046       0.804154        0.27184
      0.0111111              3            0.4        1.02194    0.000511733      0.0872007       0.823268       0.366187
      0.0555556              3            0.4        1.04794    0.000520089      0.0883063       0.847086       0.446579
            0.1              3            0.4        1.07674    0.000529006      0.0829895        0.87329       0.472221
       0.144444              3            0.4        1.10342    0.000528464      0.0705334       0.897411       0.395743
       0.188889              3            0.4        1.12227    0.000509374      0.0524328       0.914267       0.220562
       0.233333              3            0.4        1.13036    0.000470347      0.0321027       0.921232      0.0292976
       0.277778              3            0.4        1.12918    0.000417061      0.0128128       0.919743      -0.100249
       0.322222              3            0.4        1.12234    0.000356205    -0.00384529       0.913177      -0.161301
       0.366667              3            0.4        1.11284    0.000292251     -0.0176629       0.904305      -0.181075
       0.411111              3            0.4        1.10236    0.000227515     -0.0289876       0.894649      -0.182723
       0.455556              3            0.4        1.09165    0.000163051     -0.0382457       0.884863      -0.178286
            0.5              3            0.4        1.08097    9.92896e-05     -0.0457886       0.875157      -0.173054
       0.544444              3            0.4        1.07036    3.64011e-05     -0.0518637       0.865554      -0.168806
       0.588889              3            0.4        1.05981    -2.5514e-05     -0.0566253       0.856014      -0.165717
       0.633333              3            0.4        1.04929    -8.6334e-05     -0.0601561       0.846501      -0.163249
       0.677778              3            0.4        1.03882   -0.000145878     -0.0624888       0.837015        -0.1606
       0.722222              3            0.4        1.02844   -0.000203891     -0.0636263       0.827599       -0.15691
       0.766667              3            0.4        1.01828   -0.000260045     -0.0635587       0.818354      -0.151296
       0.811111              3            0.4        1.00851   -0.000313929     -0.0622804       0.809434      -0.142822
       0.855556              3            0.4       0.999389   -0.000365048     -0.0598123       0.801063      -0.130541
            0.9              3            0.4       0.991218   -0.000412854     -0.0562309       0.793522      -0.113749
       0.944444              3            0.4       0.984336   -0.000456819     -0.0517014       0.787125     -0.0925151
       0.988889              3            0.4       0.979033   -0.000496576      -0.046494       0.782142     -0.0681902
        1.03333              3            0.4       0.975449    -0.00053204     -0.0409625       0.778717     -0.0433604
        1.07778              3            0.4       0.973522   -0.000563446     -0.0354772       0.776803     -0.0209436
        1.12222              3            0.4       0.972997   -0.000591252     -0.0303454        0.77618    -0.00300699
        1.16667              3            0.4       0.973524   -0.000615993     -0.0257626       0.776533     0.00979667
        1.21111              3            0.4        0.97475   -0.000638158     -0.0218107       0.777542      0.0179687
        1.25556              3            0.4       0.976382   -0.000658132     -0.0184879        0.77894      0.0225562
            1.3              3            0.4        0.97821   -0.000676191     -0.0157449       0.780531      0.0246609
        1.34444              3            0.4       0.980095   -0.000692522      -0.013514       0.782189      0.0252024
        1.38889              3            0.4       0.981958   -0.000707243     -0.0117266       0.783837      0.0248754
        1.43333              3            0.4       0.983762   -0.000720422      -0.010323       0.785441      0.0242255
        1.47778              3            0.4       0.985507   -0.000732081    -0.00925128       0.786997      0.0237401
      -0.477778              3       0.466667       0.983519    0.000730053      0.0191363       0.785341     -0.0197712
      -0.433333              3       0.466667       0.982059    0.000708481      0.0216341       0.784079     -0.0177395
      -0.388889              3       0.466667       0.980742    0.000685544      0.0248387       0.782967     -0.0142807
      -0.344444              3       0.466667       0.979703    0.000661511      0.0288146       0.782134    -0.00812343
           -0.3              3       0.466667       0.979159    0.000636783       0.033628       0.781784     0.00191285
      -0.255556              3       0.466667       0.979419    0.000611921      0.0393191       0.782207      0.0173035
      -0.211111              3       0.466667       0.980904    0.000587674      0.0458599       0.783791      0.0397401
      -0.166667              3       0.466667       0.984149    0.000564962      0.0530958       0.787024      0.0708248
      -0.122222              3       0.466667       0.989777    0.000544811      0.0606733       0.792463       0.111476
     -0.0777778              3       0.466667       0.998411    0.000528173      0.0679665       0.800652       0.161022
     -0.0333333              3       0.466667        1.01052    0.000515627      0.0740326       0.811967       0.215985
      0.0111111              3       0.466667        1.02616    0.000506896      0.0776371       0.826399       0.268473
      0.0555556              3       0.466667        1.04463    0.000500227      0.0774106       0.843265       0.304385
            0.1              3       0.466667         1.0642     0.00049195      0.0722216       0.860938       0.304187
       0.144444              3       0.466667        1.08206      0.0004771      0.0617705       0.876916       0.252816
       0.188889              3       0.466667        1.09532    0.000451614      0.0470779       0.888623       0.157705
       0.233333              3       0.466667        1.10235    0.000414554      0.0302634       0.894673      0.0516595
       0.277778              3       0.466667        1.10349    0.000368025      0.0135588       0.895437     -0.0328602
       0.322222              3       0.466667        1.10033    0.000315215    -0.00157314       0.892379     -0.0856408
       0.366667              3       0.466667        1.09453    0.000258824      -0.014573       0.887022      -0.113435
       0.411111              3       0.466667        1.08729    0.000200644     -0.0254467       0.880434      -0.126423
       0.455556              3       0.466667        1.07932    0.000141738     -0.0344215       0.873224      -0.131941
            0.5              3       0.466667        1.07096    8.27269e-05     -0.0417536       0.865698      -0.134101
       0.544444              3       0.466667         1.0624    2.39935e-05     -0.0476523       0.857997      -0.134857
       0.588889              3       0.466667        1.05372    -3.4185e-05     -0.0522633       0.850189      -0.134924
       0.633333              3       0.466667        1.04499   -9.15617e-05     -0.0556751       0.842316      -0.134354
       0.677778              3       0.466667        1.03625   -0.000147879     -0.0579345        0.83443      -0.132862
       0.722222              3       0.466667        1.02762   -0.000202852     -0.0590634       0.826605       -0.13001
       0.766667              3       0.466667         1.0192   -0.000256153     -0.0590755       0.818942      -0.125285
       0.811111              3       0.466667        1.01114   -0.000307418     -0.0579923        0.81158      -0.118159
       0.855556              3       0.466667        1.00364   -0.000356245     -0.0558623       0.804691      -0.108167
            0.9              3       0.466667       0.996911   -0.000402228     -0.0527801       0.798473     -0.0950908
       0.944444              3       0.466667       0.991165   -0.000445002     -0.0489029       0.793125     -0.0792072
       0.988889              3       0.466667       0.986571   -0.000484315      -0.044454       0.788812     -0.0614622
        1.03333              3       0.466667        0.98321    -0.00052009     -0.0397034       0.785615     -0.0433746
        1.07778              3       0.466667       0.981046   -0.000552433     -0.0349289       0.783515     -0.0266074
        1.12222              3       0.466667       0.979939   -0.000581598     -0.0303702       0.782388     -0.0124375
        1.16667              3       0.466667       0.979683   -0.000607907     -0.0261981        0.78205    -0.00145272
        1.21111              3       0.466667       0.980054   -0.000631687     -0.0225068         0.7823     0.00640784
        1.25556              3       0.466667       0.980849   -0.000653223     -0.0193259       0.782952      0.0116075
            1.3              3       0.466667       0.981907   -0.000672742     -0.0166413       0.783855       0.014752
        1.34444              3       0.466667       0.983106   -0.000690422     -0.0144155       0.784899      0.0164197
        1.38889              3       0.466667       0.984365   -0.000706392     -0.0126037       0.786006      0.0170915
        1.43333              3       0.466667       0.985632   -0.000720747     -0.0111654       0.787126      0.0171738
        1.47778              3       0.466667       0.986895   -0.000733496      -0.010074        0.78825      0.0175403
