Surface pressure file

Angle of attack:         0                   
Mach:                    0.8                 
Panels:                  1000                
Full reference surface:  10                  
Lift coefficient:        -5.13489e-06        
Drag coefficient:        0.00418851          
Lift to drag ratio:      -0.00122595         

*** Stat0 - y = 0.25 ***
              x              z             cp
       0.999507       7.15e-05       0.486477
       0.997535      0.0003575       0.452675
         0.9936       0.000926       0.392758
       0.987718        0.00177       0.343649
        0.97991      0.0028805       0.301668
       0.970208      0.0042455       0.264114
       0.958651        0.00585       0.228438
       0.945283      0.0076765       0.193218
       0.930158      0.0097065       0.158241
       0.913336      0.0119205       0.122935
       0.894883       0.014297       0.089085
       0.874871      0.0168145      0.0579285
       0.853379      0.0194505      0.0289353
       0.830493       0.022182     0.00110545
       0.806303       0.024987     -0.0216897
       0.780903       0.027842      -0.046207
       0.754395      0.0307235      -0.071835
       0.726884       0.033608     -0.0989693
       0.698476       0.036472      -0.127295
       0.669285       0.039291      -0.155715
       0.639427        0.04204      -0.182049
       0.609018       0.044693      -0.206693
       0.578179      0.0472235      -0.229784
       0.547031      0.0496045      -0.254958
       0.515697       0.051808      -0.282306
       0.484302      0.0538055      -0.312673
       0.452969      0.0555695      -0.348443
       0.421821      0.0570725      -0.391822
       0.390982       0.058287      -0.445842
       0.360573       0.059188         -0.516
       0.330715       0.059752      -0.600184
       0.301524       0.059959      -0.683841
       0.273116      0.0597925      -0.746364
       0.245605      0.0592385      -0.773085
       0.219097      0.0582875      -0.766947
       0.193698      0.0569355        -0.7368
       0.169507      0.0551825      -0.691763
       0.146621       0.053034       -0.64228
        0.12513         0.0505      -0.593153
       0.105117      0.0475935      -0.546526
       0.086664       0.044332      -0.508796
      0.0698415       0.040737      -0.416657
      0.0547165       0.036831      -0.324127
       0.041349       0.032638      -0.213737
       0.029792       0.028183       -0.10244
        0.02009      0.0234905      0.0207113
       0.012282       0.018583       0.185516
      0.0063995       0.013481       0.437163
       0.002465      0.0082025       0.793631
      0.0004935      0.0027605        1.11801
      0.0004935     -0.0027605        1.11799
       0.002465     -0.0082025       0.793593
      0.0063995      -0.013481       0.437118
       0.012282      -0.018583       0.185472
        0.02009     -0.0234905      0.0206693
       0.029792      -0.028183      -0.102481
       0.041349      -0.032638      -0.213781
      0.0547165      -0.036831      -0.324177
      0.0698415      -0.040737       -0.41672
       0.086664      -0.044332       -0.50888
       0.105118     -0.0475935      -0.546641
        0.12513        -0.0505      -0.593317
       0.146621      -0.053034      -0.642512
       0.169507     -0.0551825      -0.692068
       0.193698     -0.0569355      -0.737147
       0.219097     -0.0582875      -0.767253
       0.245605     -0.0592385      -0.773242
       0.273116     -0.0597925      -0.746307
       0.301524      -0.059959      -0.683607
       0.330715      -0.059752      -0.599895
       0.360573      -0.059188      -0.515758
       0.390982      -0.058287      -0.445683
       0.421821     -0.0570725      -0.391732
       0.452969     -0.0555695      -0.348395
       0.484302     -0.0538055      -0.312648
       0.515697      -0.051808       -0.28229
       0.547031     -0.0496045      -0.254947
       0.578179     -0.0472235      -0.229775
       0.609018      -0.044693      -0.206685
       0.639427       -0.04204      -0.182042
       0.669285      -0.039291      -0.155709
       0.698476      -0.036472       -0.12729
       0.726884      -0.033608     -0.0989648
       0.754395     -0.0307235     -0.0718311
       0.780903      -0.027842     -0.0462036
       0.806302      -0.024987     -0.0216868
       0.830493      -0.022182     0.00110807
       0.853379     -0.0194505      0.0289375
        0.87487     -0.0168145      0.0579305
       0.894883      -0.014297      0.0890866
       0.913336     -0.0119205       0.122936
       0.930158     -0.0097065       0.158242
       0.945283     -0.0076765       0.193219
       0.958651       -0.00585       0.228439
       0.970208     -0.0042455       0.264115
        0.97991     -0.0028805       0.301669
       0.987718       -0.00177        0.34365
       0.993601      -0.000926       0.392758
       0.997535     -0.0003575       0.452675
       0.999507      -7.15e-05       0.486477

*** Stat1 - y = 0.75 ***
              x              z             cp
       0.999507       7.15e-05       0.486527
       0.997535      0.0003575       0.452728
         0.9936       0.000926       0.392815
       0.987718        0.00177        0.34371
        0.97991      0.0028805       0.301732
       0.970208      0.0042455        0.26418
       0.958651        0.00585       0.228507
       0.945283      0.0076765        0.19329
       0.930158      0.0097065       0.158314
       0.913336      0.0119205       0.123011
       0.894883       0.014297      0.0891632
       0.874871      0.0168145       0.058009
       0.853379      0.0194505      0.0290179
       0.830493       0.022182     0.00119012
       0.806303       0.024987      -0.021603
       0.780903       0.027842     -0.0461183
       0.754395      0.0307235     -0.0717443
       0.726884       0.033608     -0.0988767
       0.698476       0.036472      -0.127201
       0.669285       0.039291      -0.155619
       0.639427        0.04204      -0.181951
       0.609018       0.044693      -0.206593
       0.578179      0.0472235      -0.229683
       0.547031      0.0496045      -0.254856
       0.515697       0.051808      -0.282202
       0.484302      0.0538055      -0.312568
       0.452969      0.0555695      -0.348337
       0.421821      0.0570725      -0.391715
       0.390982       0.058287      -0.445734
       0.360573       0.059188      -0.515892
       0.330715       0.059752      -0.600076
       0.301524       0.059959      -0.683733
       0.273116      0.0597925      -0.746257
       0.245605      0.0592385      -0.772978
       0.219097      0.0582875       -0.76684
       0.193698      0.0569355      -0.736692
       0.169507      0.0551825      -0.691656
       0.146621       0.053034      -0.642173
        0.12513         0.0505      -0.593046
       0.105117      0.0475935       -0.54642
       0.086664       0.044332       -0.50869
      0.0698415       0.040737      -0.416553
      0.0547165       0.036831      -0.324024
       0.041349       0.032638      -0.213637
       0.029792       0.028183      -0.102344
        0.02009      0.0234905      0.0208014
       0.012282       0.018583       0.185596
      0.0063995       0.013481       0.437225
       0.002465      0.0082025       0.793665
      0.0004935      0.0027605        1.11801
      0.0004935     -0.0027605          1.118
       0.002465     -0.0082025       0.793627
      0.0063995      -0.013481       0.437181
       0.012282      -0.018583       0.185552
        0.02009     -0.0234905      0.0207596
       0.029792      -0.028183      -0.102385
       0.041349      -0.032638      -0.213681
      0.0547165      -0.036831      -0.324074
      0.0698415      -0.040737      -0.416615
       0.086664      -0.044332      -0.508774
       0.105118     -0.0475935      -0.546534
        0.12513        -0.0505       -0.59321
       0.146621      -0.053034      -0.642405
       0.169507     -0.0551825       -0.69196
       0.193698     -0.0569355       -0.73704
       0.219097     -0.0582875      -0.767146
       0.245605     -0.0592385      -0.773134
       0.273116     -0.0597925        -0.7462
       0.301524      -0.059959      -0.683499
       0.330715      -0.059752      -0.599787
       0.360573      -0.059188       -0.51565
       0.390982      -0.058287      -0.445575
       0.421821     -0.0570725      -0.391625
       0.452969     -0.0555695      -0.348289
       0.484302     -0.0538055      -0.312543
       0.515697      -0.051808      -0.282187
       0.547031     -0.0496045      -0.254845
       0.578179     -0.0472235      -0.229674
       0.609018      -0.044693      -0.206585
       0.639427       -0.04204      -0.181944
       0.669285      -0.039291      -0.155613
       0.698476      -0.036472      -0.127195
       0.726884      -0.033608     -0.0988721
       0.754395     -0.0307235     -0.0717404
       0.780903      -0.027842     -0.0461149
       0.806302      -0.024987     -0.0216001
       0.830493      -0.022182     0.00119277
       0.853379     -0.0194505      0.0290201
        0.87487     -0.0168145      0.0580109
       0.894883      -0.014297      0.0891648
       0.913336     -0.0119205       0.123012
       0.930158     -0.0097065       0.158316
       0.945283     -0.0076765       0.193291
       0.958651       -0.00585       0.228508
       0.970208     -0.0042455       0.264181
        0.97991     -0.0028805       0.301732
       0.987718       -0.00177       0.343711
       0.993601      -0.000926       0.392816
       0.997535     -0.0003575       0.452728
       0.999507      -7.15e-05       0.486527

*** Stat2 - y = 1.25 ***
              x              z             cp
       0.999507       7.15e-05        0.48664
       0.997535      0.0003575       0.452847
         0.9936       0.000926       0.392945
       0.987718        0.00177       0.343848
        0.97991      0.0028805       0.301876
       0.970208      0.0042455       0.264331
       0.958651        0.00585       0.228664
       0.945283      0.0076765       0.193452
       0.930158      0.0097065       0.158483
       0.913336      0.0119205       0.123185
       0.894883       0.014297       0.089343
       0.874871      0.0168145      0.0581945
       0.853379      0.0194505       0.029209
       0.830493       0.022182     0.00138683
       0.806303       0.024987      -0.021401
       0.780903       0.027842     -0.0459108
       0.754395      0.0307235     -0.0715315
       0.726884       0.033608     -0.0986586
       0.698476       0.036472      -0.126977
       0.669285       0.039291      -0.155391
       0.639427        0.04204      -0.181718
       0.609018       0.044693      -0.206356
       0.578179      0.0472235      -0.229441
       0.547031      0.0496045       -0.25461
       0.515697       0.051808      -0.281953
       0.484302      0.0538055      -0.312316
       0.452969      0.0555695      -0.348081
       0.421821      0.0570725      -0.391457
       0.390982       0.058287      -0.445475
       0.360573       0.059188      -0.515631
       0.330715       0.059752      -0.599815
       0.301524       0.059959      -0.683473
       0.273116      0.0597925      -0.745999
       0.245605      0.0592385      -0.772721
       0.219097      0.0582875      -0.766584
       0.193698      0.0569355      -0.736436
       0.169507      0.0551825      -0.691399
       0.146621       0.053034      -0.641917
        0.12513         0.0505      -0.592791
       0.105117      0.0475935      -0.546166
       0.086664       0.044332      -0.508438
      0.0698415       0.040737      -0.416304
      0.0547165       0.036831       -0.32378
       0.041349       0.032638        -0.2134
       0.029792       0.028183      -0.102117
        0.02009      0.0234905      0.0210134
       0.012282       0.018583       0.185784
      0.0063995       0.013481       0.437371
       0.002465      0.0082025       0.793744
      0.0004935      0.0027605        1.11802
      0.0004935     -0.0027605        1.11801
       0.002465     -0.0082025       0.793707
      0.0063995      -0.013481       0.437328
       0.012282      -0.018583       0.185741
        0.02009     -0.0234905      0.0209725
       0.029792      -0.028183      -0.102157
       0.041349      -0.032638      -0.213443
      0.0547165      -0.036831       -0.32383
      0.0698415      -0.040737      -0.416366
       0.086664      -0.044332      -0.508523
       0.105118     -0.0475935       -0.54628
        0.12513        -0.0505      -0.592954
       0.146621      -0.053034      -0.642148
       0.169507     -0.0551825      -0.691703
       0.193698     -0.0569355      -0.736783
       0.219097     -0.0582875      -0.766889
       0.245605     -0.0592385      -0.772877
       0.273116     -0.0597925      -0.745942
       0.301524      -0.059959       -0.68324
       0.330715      -0.059752      -0.599526
       0.360573      -0.059188      -0.515389
       0.390982      -0.058287      -0.445316
       0.421821     -0.0570725      -0.391367
       0.452969     -0.0555695      -0.348033
       0.484302     -0.0538055       -0.31229
       0.515697      -0.051808      -0.281937
       0.547031     -0.0496045      -0.254599
       0.578179     -0.0472235      -0.229432
       0.609018      -0.044693      -0.206347
       0.639427       -0.04204       -0.18171
       0.669285      -0.039291      -0.155384
       0.698476      -0.036472      -0.126972
       0.726884      -0.033608     -0.0986539
       0.754395     -0.0307235     -0.0715275
       0.780903      -0.027842     -0.0459074
       0.806302      -0.024987     -0.0213979
       0.830493      -0.022182     0.00138953
       0.853379     -0.0194505      0.0292113
        0.87487     -0.0168145      0.0581965
       0.894883      -0.014297      0.0893447
       0.913336     -0.0119205       0.123186
       0.930158     -0.0097065       0.158484
       0.945283     -0.0076765       0.193453
       0.958651       -0.00585       0.228665
       0.970208     -0.0042455       0.264332
        0.97991     -0.0028805       0.301877
       0.987718       -0.00177       0.343848
       0.993601      -0.000926       0.392945
       0.997535     -0.0003575       0.452847
       0.999507      -7.15e-05        0.48664

*** Stat3 - y = 1.75 ***
              x              z             cp
       0.999507       7.15e-05       0.486845
       0.997535      0.0003575       0.453062
         0.9936       0.000926       0.393179
       0.987718        0.00177       0.344097
        0.97991      0.0028805       0.302139
       0.970208      0.0042455       0.264606
       0.958651        0.00585       0.228952
       0.945283      0.0076765       0.193753
       0.930158      0.0097065       0.158796
       0.913336      0.0119205       0.123512
       0.894883       0.014297      0.0896833
       0.874871      0.0168145      0.0585485
       0.853379      0.0194505      0.0295769
       0.830493       0.022182     0.00176883
       0.806303       0.024987      -0.021005
       0.780903       0.027842     -0.0455006
       0.754395      0.0307235     -0.0711068
       0.726884       0.033608     -0.0982195
       0.698476       0.036472      -0.126524
       0.669285       0.039291      -0.154923
       0.639427        0.04204      -0.181237
       0.609018       0.044693      -0.205862
       0.578179      0.0472235      -0.228936
       0.547031      0.0496045      -0.254094
       0.515697       0.051808      -0.281427
       0.484302      0.0538055      -0.311781
       0.452969      0.0555695      -0.347539
       0.421821      0.0570725      -0.390908
       0.390982       0.058287      -0.444921
       0.360573       0.059188      -0.515075
       0.330715       0.059752      -0.599259
       0.301524       0.059959       -0.68292
       0.273116      0.0597925       -0.74545
       0.245605      0.0592385      -0.772176
       0.219097      0.0582875      -0.766041
       0.193698      0.0569355      -0.735894
       0.169507      0.0551825      -0.690859
       0.146621       0.053034       -0.64138
        0.12513         0.0505      -0.592259
       0.105117      0.0475935       -0.54564
       0.086664       0.044332       -0.50792
      0.0698415       0.040737      -0.415794
      0.0547165       0.036831      -0.323281
       0.041349       0.032638      -0.212917
       0.029792       0.028183      -0.101656
        0.02009      0.0234905      0.0214431
       0.012282       0.018583       0.186164
      0.0063995       0.013481       0.437666
       0.002465      0.0082025       0.793903
      0.0004935      0.0027605        1.11805
      0.0004935     -0.0027605        1.11803
       0.002465     -0.0082025       0.793868
      0.0063995      -0.013481       0.437624
       0.012282      -0.018583       0.186122
        0.02009     -0.0234905      0.0214037
       0.029792      -0.028183      -0.101695
       0.041349      -0.032638      -0.212959
      0.0547165      -0.036831       -0.32333
      0.0698415      -0.040737      -0.415855
       0.086664      -0.044332      -0.508003
       0.105118     -0.0475935      -0.545753
        0.12513        -0.0505      -0.592422
       0.146621      -0.053034      -0.641611
       0.169507     -0.0551825      -0.691163
       0.193698     -0.0569355      -0.736241
       0.219097     -0.0582875      -0.766345
       0.245605     -0.0592385      -0.772331
       0.273116     -0.0597925      -0.745392
       0.301524      -0.059959      -0.682686
       0.330715      -0.059752      -0.598969
       0.360573      -0.059188      -0.514833
       0.390982      -0.058287      -0.444762
       0.421821     -0.0570725      -0.390817
       0.452969     -0.0555695       -0.34749
       0.484302     -0.0538055      -0.311755
       0.515697      -0.051808      -0.281411
       0.547031     -0.0496045      -0.254083
       0.578179     -0.0472235      -0.228927
       0.609018      -0.044693      -0.205854
       0.639427       -0.04204       -0.18123
       0.669285      -0.039291      -0.154917
       0.698476      -0.036472      -0.126519
       0.726884      -0.033608     -0.0982148
       0.754395     -0.0307235     -0.0711027
       0.780903      -0.027842      -0.045497
       0.806302      -0.024987     -0.0210018
       0.830493      -0.022182     0.00177158
       0.853379     -0.0194505      0.0295793
        0.87487     -0.0168145      0.0585505
       0.894883      -0.014297       0.089685
       0.913336     -0.0119205       0.123513
       0.930158     -0.0097065       0.158797
       0.945283     -0.0076765       0.193754
       0.958651       -0.00585       0.228953
       0.970208     -0.0042455       0.264607
        0.97991     -0.0028805       0.302139
       0.987718       -0.00177       0.344097
       0.993601      -0.000926       0.393179
       0.997535     -0.0003575       0.453062
       0.999507      -7.15e-05       0.486845

*** Stat4 - y = 2.25 ***
              x              z             cp
       0.999507       7.15e-05       0.487149
       0.997535      0.0003575       0.453383
         0.9936       0.000926        0.39353
       0.987718        0.00177       0.344475
        0.97991      0.0028805       0.302542
       0.970208      0.0042455       0.265035
       0.958651        0.00585       0.229407
       0.945283      0.0076765       0.194237
       0.930158      0.0097065       0.159312
       0.913336      0.0119205       0.124062
       0.894883       0.014297      0.0902696
       0.874871      0.0168145      0.0591735
       0.853379      0.0194505      0.0302431
       0.830493       0.022182     0.00247874
       0.806303       0.024987     -0.0202494
       0.780903       0.027842     -0.0446968
       0.754395      0.0307235     -0.0702527
       0.726884       0.033608     -0.0973132
       0.698476       0.036472      -0.125564
       0.669285       0.039291      -0.153909
       0.639427        0.04204      -0.180169
       0.609018       0.044693      -0.204742
       0.578179      0.0472235      -0.227765
       0.547031      0.0496045      -0.252876
       0.515697       0.051808      -0.280164
       0.484302      0.0538055      -0.310478
       0.452969      0.0555695      -0.346202
       0.421821      0.0570725      -0.389544
       0.390982       0.058287      -0.443536
       0.360573       0.059188      -0.513679
       0.330715       0.059752      -0.597863
       0.301524       0.059959      -0.681534
       0.273116      0.0597925      -0.744081
       0.245605      0.0592385      -0.770824
       0.219097      0.0582875      -0.764706
       0.193698      0.0569355      -0.734577
       0.169507      0.0551825      -0.689563
       0.146621       0.053034      -0.640107
        0.12513         0.0505      -0.591013
       0.105117      0.0475935      -0.544425
       0.086664       0.044332      -0.506737
      0.0698415       0.040737      -0.414646
      0.0547165       0.036831      -0.322174
       0.041349       0.032638      -0.211858
       0.029792       0.028183      -0.100655
        0.02009      0.0234905      0.0223674
       0.012282       0.018583       0.186975
      0.0063995       0.013481       0.438292
       0.002465      0.0082025       0.794239
      0.0004935      0.0027605        1.11809
      0.0004935     -0.0027605        1.11808
       0.002465     -0.0082025       0.794207
      0.0063995      -0.013481       0.438254
       0.012282      -0.018583       0.186937
        0.02009     -0.0234905      0.0223312
       0.029792      -0.028183      -0.100691
       0.041349      -0.032638      -0.211897
      0.0547165      -0.036831       -0.32222
      0.0698415      -0.040737      -0.414705
       0.086664      -0.044332      -0.506819
       0.105118     -0.0475935      -0.544536
        0.12513        -0.0505      -0.591175
       0.146621      -0.053034      -0.640337
       0.169507     -0.0551825      -0.689865
       0.193698     -0.0569355      -0.734923
       0.219097     -0.0582875       -0.76501
       0.245605     -0.0592385      -0.770979
       0.273116     -0.0597925      -0.744022
       0.301524      -0.059959      -0.681299
       0.330715      -0.059752      -0.597572
       0.360573      -0.059188      -0.513436
       0.390982      -0.058287      -0.443376
       0.421821     -0.0570725      -0.389452
       0.452969     -0.0555695      -0.346153
       0.484302     -0.0538055      -0.310452
       0.515697      -0.051808      -0.280148
       0.547031     -0.0496045      -0.252864
       0.578179     -0.0472235      -0.227756
       0.609018      -0.044693      -0.204734
       0.639427       -0.04204      -0.180162
       0.669285      -0.039291      -0.153903
       0.698476      -0.036472      -0.125559
       0.726884      -0.033608     -0.0973085
       0.754395     -0.0307235     -0.0702487
       0.780903      -0.027842     -0.0446934
       0.806302      -0.024987     -0.0202464
       0.830493      -0.022182     0.00248141
       0.853379     -0.0194505      0.0302454
        0.87487     -0.0168145      0.0591754
       0.894883      -0.014297      0.0902712
       0.913336     -0.0119205       0.124063
       0.930158     -0.0097065       0.159313
       0.945283     -0.0076765       0.194238
       0.958651       -0.00585       0.229408
       0.970208     -0.0042455       0.265036
        0.97991     -0.0028805       0.302543
       0.987718       -0.00177       0.344475
       0.993601      -0.000926        0.39353
       0.997535     -0.0003575       0.453383
       0.999507      -7.15e-05       0.487149

*** Stat5 - y = 2.75 ***
              x              z             cp
       0.999507       7.15e-05       0.487067
       0.997535      0.0003575       0.453304
         0.9936       0.000926       0.393457
       0.987718        0.00177       0.344415
        0.97991      0.0028805       0.302501
       0.970208      0.0042455       0.265021
       0.958651        0.00585       0.229428
       0.945283      0.0076765       0.194303
       0.930158      0.0097065       0.159432
       0.913336      0.0119205       0.124248
       0.894883       0.014297      0.0905358
       0.874871      0.0168145      0.0595342
       0.853379      0.0194505      0.0307149
       0.830493       0.022182     0.00308028
       0.806303       0.024987     -0.0194976
       0.780903       0.027842     -0.0437712
       0.754395      0.0307235     -0.0691271
       0.726884       0.033608     -0.0959584
       0.698476       0.036472      -0.123948
       0.669285       0.039291      -0.151997
       0.639427        0.04204      -0.177923
       0.609018       0.044693       -0.20212
       0.578179      0.0472235      -0.224724
       0.547031      0.0496045      -0.249371
       0.515697       0.051808      -0.276155
       0.484302      0.0538055      -0.305935
       0.452969      0.0555695      -0.341115
       0.421821      0.0570725      -0.383934
       0.390982       0.058287      -0.437467
       0.360573       0.059188      -0.507261
       0.330715       0.059752      -0.591254
       0.301524       0.059959      -0.674918
       0.273116      0.0597925      -0.737627
       0.245605      0.0592385      -0.764662
       0.219097      0.0582875      -0.758934
       0.193698      0.0569355      -0.729263
       0.169507      0.0551825      -0.684746
       0.146621       0.053034      -0.635803
        0.12513         0.0505      -0.587209
       0.105117      0.0475935       -0.54109
       0.086664       0.044332       -0.50383
      0.0698415       0.040737      -0.412117
      0.0547165       0.036831      -0.319979
       0.041349       0.032638      -0.209962
       0.029792       0.028183     -0.0990259
        0.02009      0.0234905      0.0237502
       0.012282       0.018583       0.188104
      0.0063995       0.013481       0.439112
       0.002465      0.0082025       0.794656
      0.0004935      0.0027605        1.11814
      0.0004935     -0.0027605        1.11813
       0.002465     -0.0082025       0.794634
      0.0063995      -0.013481       0.439084
       0.012282      -0.018583       0.188075
        0.02009     -0.0234905      0.0237227
       0.029792      -0.028183     -0.0990541
       0.041349      -0.032638      -0.209994
      0.0547165      -0.036831      -0.320019
      0.0698415      -0.040737      -0.412169
       0.086664      -0.044332      -0.503904
       0.105118     -0.0475935      -0.541195
        0.12513        -0.0505      -0.587365
       0.146621      -0.053034      -0.636027
       0.169507     -0.0551825      -0.685043
       0.193698     -0.0569355      -0.729604
       0.219097     -0.0582875      -0.759234
       0.245605     -0.0592385      -0.764814
       0.273116     -0.0597925      -0.737566
       0.301524      -0.059959      -0.674682
       0.330715      -0.059752      -0.590964
       0.360573      -0.059188      -0.507019
       0.390982      -0.058287      -0.437309
       0.421821     -0.0570725      -0.383845
       0.452969     -0.0555695      -0.341069
       0.484302     -0.0538055      -0.305912
       0.515697      -0.051808      -0.276142
       0.547031     -0.0496045      -0.249362
       0.578179     -0.0472235      -0.224717
       0.609018      -0.044693      -0.202114
       0.639427       -0.04204      -0.177917
       0.669285      -0.039291      -0.151992
       0.698476      -0.036472      -0.123944
       0.726884      -0.033608     -0.0959551
       0.754395     -0.0307235     -0.0691243
       0.780903      -0.027842     -0.0437688
       0.806302      -0.024987     -0.0194956
       0.830493      -0.022182     0.00308213
       0.853379     -0.0194505      0.0307164
        0.87487     -0.0168145      0.0595355
       0.894883      -0.014297      0.0905369
       0.913336     -0.0119205       0.124249
       0.930158     -0.0097065       0.159433
       0.945283     -0.0076765       0.194303
       0.958651       -0.00585       0.229429
       0.970208     -0.0042455       0.265022
        0.97991     -0.0028805       0.302502
       0.987718       -0.00177       0.344415
       0.993601      -0.000926       0.393458
       0.997535     -0.0003575       0.453304
       0.999507      -7.15e-05       0.487067

*** Stat6 - y = 3.25 ***
              x              z             cp
       0.999507       7.15e-05        0.48523
       0.997535      0.0003575       0.451379
         0.9936       0.000926       0.391376
       0.987718        0.00177       0.342168
        0.97991      0.0028805       0.300091
       0.970208      0.0042455       0.262449
       0.958651        0.00585       0.226699
       0.945283      0.0076765       0.191425
       0.930158      0.0097065       0.156454
       0.913336      0.0119205       0.121222
       0.894883       0.014297       0.087548
       0.874871      0.0168145      0.0565895
       0.853379      0.0194505      0.0278503
       0.830493       0.022182    0.000356865
       0.806303       0.024987     -0.0222706
       0.780903       0.027842     -0.0464653
       0.754395      0.0307235     -0.0715862
       0.726884       0.033608     -0.0979796
       0.698476       0.036472        -0.1254
       0.669285       0.039291      -0.152893
       0.639427        0.04204      -0.178512
       0.609018       0.044693      -0.202704
       0.578179      0.0472235      -0.225752
       0.547031      0.0496045      -0.250918
       0.515697       0.051808      -0.278181
       0.484302      0.0538055      -0.307941
       0.452969      0.0555695      -0.341321
       0.421821      0.0570725      -0.378759
       0.390982       0.058287      -0.420644
       0.360573       0.059188      -0.469514
       0.330715       0.059752      -0.526487
       0.301524       0.059959      -0.589068
       0.273116      0.0597925      -0.649247
       0.245605      0.0592385       -0.69408
       0.219097      0.0582875      -0.715797
       0.193698      0.0569355      -0.712907
       0.169507      0.0551825      -0.688172
       0.146621       0.053034       -0.65066
        0.12513         0.0505       -0.60682
       0.105117      0.0475935      -0.561747
       0.086664       0.044332      -0.523748
      0.0698415       0.040737      -0.431051
      0.0547165       0.036831      -0.337683
       0.041349       0.032638      -0.226425
       0.029792       0.028183      -0.114193
        0.02009      0.0234905      0.0100628
       0.012282       0.018583       0.176331
      0.0063995       0.013481       0.430145
       0.002465      0.0082025       0.789838
      0.0004935      0.0027605        1.11745
      0.0004935     -0.0027605        1.11743
       0.002465     -0.0082025       0.789794
      0.0063995      -0.013481       0.430093
       0.012282      -0.018583        0.17628
        0.02009     -0.0234905      0.0100143
       0.029792      -0.028183      -0.114241
       0.041349      -0.032638      -0.226475
      0.0547165      -0.036831       -0.33774
      0.0698415      -0.040737      -0.431118
       0.086664      -0.044332      -0.523832
       0.105118     -0.0475935      -0.561849
        0.12513        -0.0505      -0.606946
       0.146621      -0.053034      -0.650806
       0.169507     -0.0551825      -0.688318
       0.193698     -0.0569355      -0.713018
       0.219097     -0.0582875      -0.715834
       0.245605     -0.0592385      -0.694032
       0.273116     -0.0597925       -0.64914
       0.301524      -0.059959      -0.588951
       0.330715      -0.059752      -0.526393
       0.360573      -0.059188      -0.469452
       0.390982      -0.058287      -0.420606
       0.421821     -0.0570725      -0.378737
       0.452969     -0.0555695      -0.341308
       0.484302     -0.0538055      -0.307932
       0.515697      -0.051808      -0.278174
       0.547031     -0.0496045      -0.250912
       0.578179     -0.0472235      -0.225746
       0.609018      -0.044693      -0.202699
       0.639427       -0.04204      -0.178508
       0.669285      -0.039291      -0.152889
       0.698476      -0.036472      -0.125397
       0.726884      -0.033608     -0.0979767
       0.754395     -0.0307235     -0.0715837
       0.780903      -0.027842      -0.046463
       0.806302      -0.024987     -0.0222686
       0.830493      -0.022182    0.000358616
       0.853379     -0.0194505      0.0278518
        0.87487     -0.0168145      0.0565908
       0.894883      -0.014297      0.0875492
       0.913336     -0.0119205       0.121223
       0.930158     -0.0097065       0.156454
       0.945283     -0.0076765       0.191426
       0.958651       -0.00585         0.2267
       0.970208     -0.0042455        0.26245
        0.97991     -0.0028805       0.300091
       0.987718       -0.00177       0.342168
       0.993601      -0.000926       0.391376
       0.997535     -0.0003575       0.451379
       0.999507      -7.15e-05        0.48523

*** Stat7 - y = 3.75 ***
              x              z             cp
       0.999507       7.15e-05       0.485667
       0.997535      0.0003575       0.451849
         0.9936       0.000926       0.391908
       0.987718        0.00177       0.342759
        0.97991      0.0028805       0.300746
       0.970208      0.0042455       0.263176
       0.958651        0.00585       0.227509
       0.945283      0.0076765       0.192331
       0.930158      0.0097065        0.15747
       0.913336      0.0119205       0.122364
       0.894883       0.014297      0.0888332
       0.874871      0.0168145      0.0580353
       0.853379      0.0194505      0.0294758
       0.830493       0.022182     0.00218285
       0.806303       0.024987      -0.020223
       0.780903       0.027842     -0.0441711
       0.754395      0.0307235      -0.069019
       0.726884       0.033608     -0.0951107
       0.698476       0.036472      -0.122199
       0.669285       0.039291      -0.149326
       0.639427        0.04204      -0.174545
       0.609018       0.044693      -0.198299
       0.578179      0.0472235      -0.220871
       0.547031      0.0496045      -0.245521
       0.515697       0.051808      -0.272233
       0.484302      0.0538055      -0.301418
       0.452969      0.0555695       -0.33422
       0.421821      0.0570725      -0.371109
       0.390982       0.058287      -0.412514
       0.360573       0.059188      -0.461018
       0.330715       0.059752       -0.51778
       0.301524       0.059959      -0.580333
       0.273116      0.0597925      -0.640669
       0.245605      0.0592385      -0.685815
       0.219097      0.0582875      -0.707958
       0.193698      0.0569355      -0.705561
       0.169507      0.0551825      -0.681354
       0.146621       0.053034       -0.64438
        0.12513         0.0505      -0.601068
       0.105117      0.0475935      -0.556496
       0.086664       0.044332      -0.518962
      0.0698415       0.040737      -0.426685
      0.0547165       0.036831      -0.333707
       0.041349       0.032638      -0.222817
       0.029792       0.028183       -0.11094
        0.02009      0.0234905      0.0129508
       0.012282       0.018583       0.178786
      0.0063995       0.013481       0.431995
       0.002465      0.0082025       0.790822
      0.0004935      0.0027605        1.11759
      0.0004935     -0.0027605        1.11758
       0.002465     -0.0082025       0.790787
      0.0063995      -0.013481       0.431954
       0.012282      -0.018583       0.178746
        0.02009     -0.0234905      0.0129119
       0.029792      -0.028183      -0.110978
       0.041349      -0.032638      -0.222858
      0.0547165      -0.036831      -0.333756
      0.0698415      -0.040737      -0.426745
       0.086664      -0.044332       -0.51904
       0.105118     -0.0475935      -0.556591
        0.12513        -0.0505      -0.601187
       0.146621      -0.053034       -0.64452
       0.169507     -0.0551825      -0.681494
       0.193698     -0.0569355      -0.705667
       0.219097     -0.0582875       -0.70799
       0.245605     -0.0592385      -0.685763
       0.273116     -0.0597925       -0.64056
       0.301524      -0.059959      -0.580214
       0.330715      -0.059752      -0.517686
       0.360573      -0.059188      -0.460956
       0.390982      -0.058287      -0.412478
       0.421821     -0.0570725      -0.371089
       0.452969     -0.0555695       -0.33421
       0.484302     -0.0538055      -0.301412
       0.515697      -0.051808      -0.272228
       0.547031     -0.0496045      -0.245518
       0.578179     -0.0472235      -0.220868
       0.609018      -0.044693      -0.198297
       0.639427       -0.04204      -0.174543
       0.669285      -0.039291      -0.149324
       0.698476      -0.036472      -0.122197
       0.726884      -0.033608     -0.0951091
       0.754395     -0.0307235     -0.0690176
       0.780903      -0.027842     -0.0441699
       0.806302      -0.024987     -0.0202219
       0.830493      -0.022182     0.00218382
       0.853379     -0.0194505      0.0294767
        0.87487     -0.0168145       0.058036
       0.894883      -0.014297      0.0888339
       0.913336     -0.0119205       0.122364
       0.930158     -0.0097065        0.15747
       0.945283     -0.0076765       0.192331
       0.958651       -0.00585        0.22751
       0.970208     -0.0042455       0.263176
        0.97991     -0.0028805       0.300747
       0.987718       -0.00177        0.34276
       0.993601      -0.000926       0.391908
       0.997535     -0.0003575       0.451849
       0.999507      -7.15e-05       0.485667

*** Stat8 - y = 4.25 ***
              x              z             cp
       0.999507       7.15e-05       0.486831
       0.997535      0.0003575       0.453089
         0.9936       0.000926       0.393291
       0.987718        0.00177        0.34428
        0.97991      0.0028805       0.302412
       0.970208      0.0042455       0.265003
       0.958651        0.00585       0.229519
       0.945283      0.0076765       0.194548
       0.930158      0.0097065       0.159921
       0.913336      0.0119205       0.125076
       0.894883       0.014297      0.0918311
       0.874871      0.0168145      0.0613426
       0.853379      0.0194505      0.0331142
       0.830493       0.022182     0.00617202
       0.806303       0.024987      -0.015869
       0.780903       0.027842     -0.0394373
       0.754395      0.0307235     -0.0638948
       0.726884       0.033608     -0.0895897
       0.698476       0.036472       -0.11628
       0.669285       0.039291      -0.143014
       0.639427        0.04204      -0.167853
       0.609018       0.044693      -0.191244
       0.578179      0.0472235      -0.213475
       0.547031      0.0496045      -0.237811
       0.515697       0.051808       -0.26424
       0.484302      0.0538055      -0.293179
       0.452969      0.0555695      -0.325776
       0.421821      0.0570725      -0.362502
       0.390982       0.058287       -0.40379
       0.360573       0.059188      -0.452226
       0.330715       0.059752      -0.508972
       0.301524       0.059959      -0.571562
       0.273116      0.0597925      -0.631983
       0.245605      0.0592385      -0.677245
       0.219097      0.0582875       -0.69952
       0.193698      0.0569355      -0.697264
       0.169507      0.0551825      -0.673206
       0.146621       0.053034      -0.636399
        0.12513         0.0505      -0.593278
       0.105117      0.0475935      -0.548924
       0.086664       0.044332      -0.511633
      0.0698415       0.040737      -0.419618
      0.0547165       0.036831      -0.326942
       0.041349       0.032638      -0.216403
       0.029792       0.028183      -0.104938
        0.02009      0.0234905      0.0184396
       0.012282       0.018583       0.183557
      0.0063995       0.013481       0.435635
       0.002465      0.0082025       0.792738
      0.0004935      0.0027605        1.11781
      0.0004935     -0.0027605         1.1178
       0.002465     -0.0082025       0.792709
      0.0063995      -0.013481       0.435601
       0.012282      -0.018583       0.183523
        0.02009     -0.0234905      0.0184063
       0.029792      -0.028183      -0.104972
       0.041349      -0.032638       -0.21644
      0.0547165      -0.036831      -0.326986
      0.0698415      -0.040737      -0.419674
       0.086664      -0.044332      -0.511708
       0.105118     -0.0475935      -0.549016
        0.12513        -0.0505      -0.593394
       0.146621      -0.053034      -0.636536
       0.169507     -0.0551825      -0.673344
       0.193698     -0.0569355      -0.697368
       0.219097     -0.0582875      -0.699551
       0.245605     -0.0592385      -0.677192
       0.273116     -0.0597925      -0.631872
       0.301524      -0.059959      -0.571442
       0.330715      -0.059752      -0.508877
       0.360573      -0.059188      -0.452164
       0.390982      -0.058287      -0.403753
       0.421821     -0.0570725      -0.362481
       0.452969     -0.0555695      -0.325764
       0.484302     -0.0538055      -0.293173
       0.515697      -0.051808      -0.264235
       0.547031     -0.0496045      -0.237807
       0.578179     -0.0472235      -0.213472
       0.609018      -0.044693      -0.191241
       0.639427       -0.04204       -0.16785
       0.669285      -0.039291      -0.143012
       0.698476      -0.036472      -0.116278
       0.726884      -0.033608     -0.0895882
       0.754395     -0.0307235     -0.0638934
       0.780903      -0.027842     -0.0394362
       0.806302      -0.024987      -0.015868
       0.830493      -0.022182     0.00617291
       0.853379     -0.0194505       0.033115
        0.87487     -0.0168145      0.0613432
       0.894883      -0.014297      0.0918316
       0.913336     -0.0119205       0.125076
       0.930158     -0.0097065       0.159921
       0.945283     -0.0076765       0.194548
       0.958651       -0.00585        0.22952
       0.970208     -0.0042455       0.265004
        0.97991     -0.0028805       0.302413
       0.987718       -0.00177        0.34428
       0.993601      -0.000926       0.393291
       0.997535     -0.0003575       0.453089
       0.999507      -7.15e-05       0.486831

*** Stat9 - y = 4.75 ***
              x              z             cp
       0.999507       7.15e-05       0.482095
       0.997535      0.0003575       0.448139
         0.9936       0.000926       0.388032
       0.987718        0.00177       0.338931
        0.97991      0.0028805       0.297163
       0.970208      0.0042455       0.260031
       0.958651        0.00585       0.225004
       0.945283      0.0076765       0.190684
       0.930158      0.0097065       0.156918
       0.913336      0.0119205       0.123159
       0.894883       0.014297      0.0912337
       0.874871      0.0168145      0.0622963
       0.853379      0.0194505      0.0358401
       0.830493       0.022182      0.0108725
       0.806303       0.024987    -0.00902104
       0.780903       0.027842     -0.0302931
       0.754395      0.0307235      -0.052337
       0.726884       0.033608     -0.0755318
       0.698476       0.036472     -0.0996661
       0.669285       0.039291       -0.12382
       0.639427        0.04204      -0.146086
       0.609018       0.044693      -0.166938
       0.578179      0.0472235      -0.186686
       0.547031      0.0496045      -0.208612
       0.515697       0.051808      -0.232732
       0.484302      0.0538055      -0.259495
       0.452969      0.0555695      -0.290084
       0.421821      0.0570725      -0.325018
       0.390982       0.058287      -0.364785
       0.360573       0.059188      -0.412032
       0.330715       0.059752       -0.46799
       0.301524       0.059959      -0.530261
       0.273116      0.0597925      -0.590863
       0.245605      0.0592385      -0.636778
       0.219097      0.0582875      -0.660122
       0.193698      0.0569355      -0.659309
       0.169507      0.0551825       -0.63706
       0.146621       0.053034      -0.602427
        0.12513         0.0505      -0.561805
       0.105117      0.0475935      -0.520203
       0.086664       0.044332      -0.485821
      0.0698415       0.040737      -0.396751
      0.0547165       0.036831      -0.307011
       0.041349       0.032638      -0.199325
       0.029792       0.028183      -0.090551
        0.02009      0.0234905      0.0303041
       0.012282       0.018583       0.192932
      0.0063995       0.013481       0.442246
       0.002465      0.0082025       0.796034
      0.0004935      0.0027605        1.11816
      0.0004935     -0.0027605        1.11816
       0.002465     -0.0082025       0.796015
      0.0063995      -0.013481       0.442223
       0.012282      -0.018583       0.192909
        0.02009     -0.0234905      0.0302801
       0.029792      -0.028183     -0.0905766
       0.041349      -0.032638      -0.199356
      0.0547165      -0.036831       -0.30705
      0.0698415      -0.040737      -0.396802
       0.086664      -0.044332       -0.48589
       0.105118     -0.0475935      -0.520291
        0.12513        -0.0505      -0.561918
       0.146621      -0.053034      -0.602561
       0.169507     -0.0551825      -0.637195
       0.193698     -0.0569355       -0.65941
       0.219097     -0.0582875       -0.66015
       0.245605     -0.0592385      -0.636723
       0.273116     -0.0597925       -0.59075
       0.301524      -0.059959       -0.53014
       0.330715      -0.059752      -0.467894
       0.360573      -0.059188      -0.411969
       0.390982      -0.058287      -0.364749
       0.421821     -0.0570725      -0.324998
       0.452969     -0.0555695      -0.290073
       0.484302     -0.0538055      -0.259489
       0.515697      -0.051808      -0.232727
       0.547031     -0.0496045      -0.208609
       0.578179     -0.0472235      -0.186683
       0.609018      -0.044693      -0.166936
       0.639427       -0.04204      -0.146085
       0.669285      -0.039291      -0.123819
       0.698476      -0.036472     -0.0996648
       0.726884      -0.033608     -0.0755307
       0.754395     -0.0307235      -0.052336
       0.780903      -0.027842     -0.0302923
       0.806302      -0.024987    -0.00902036
       0.830493      -0.022182      0.0108731
       0.853379     -0.0194505      0.0358406
        0.87487     -0.0168145      0.0622967
       0.894883      -0.014297       0.091234
       0.913336     -0.0119205       0.123159
       0.930158     -0.0097065       0.156919
       0.945283     -0.0076765       0.190684
       0.958651       -0.00585       0.225004
       0.970208     -0.0042455       0.260031
        0.97991     -0.0028805       0.297163
       0.987718       -0.00177       0.338931
       0.993601      -0.000926       0.388032
       0.997535     -0.0003575       0.448139
       0.999507      -7.15e-05       0.482095

