Surface panels: 1000
         0.8223         0.0598           5e-05        0.363997
       0.820675         0.0598         0.00025        0.333301
        0.81745         0.0598        0.000675        0.275717
       0.812625         0.0598          0.0013        0.225992
       0.806225         0.0598         0.00215        0.189728
       0.798275         0.0598        0.003225        0.143438
       0.788775         0.0598         0.00445        0.113414
         0.7778         0.0598        0.005875       0.0825476
       0.765425         0.0598        0.007475       0.0463348
       0.751675         0.0598        0.009225       0.0127569
       0.736575         0.0598        0.011075      -0.0219657
         0.7202         0.0598         0.01295      -0.0456052
        0.70265         0.0598        0.014875      -0.0688025
       0.683975         0.0598        0.016825      -0.0905311
       0.664225         0.0598        0.018775       -0.107435
         0.6435         0.0598        0.020775       -0.127275
         0.6219         0.0598        0.022775       -0.148566
       0.599525         0.0598         0.02475       -0.166116
       0.576425         0.0598        0.026725       -0.188258
       0.552725         0.0598        0.028675       -0.211694
       0.528525         0.0598         0.03055       -0.236769
       0.503925         0.0598          0.0323       -0.258053
          0.479         0.0598          0.0339       -0.280009
        0.45385         0.0598          0.0353       -0.294259
         0.4286         0.0598        0.036475       -0.306029
       0.403375         0.0598        0.037375       -0.308962
        0.37825         0.0598        0.038025        -0.30913
       0.353325         0.0598        0.038425       -0.310041
       0.328725         0.0598        0.038525       -0.303563
         0.3045         0.0598        0.038375       -0.300923
       0.280775         0.0598           0.038       -0.300053
         0.2577         0.0598         0.03745       -0.300106
        0.23535         0.0598        0.036725       -0.299776
        0.21375         0.0598          0.0358       -0.294579
       0.193025         0.0598         0.03475       -0.291419
       0.173275         0.0598        0.033575       -0.290691
       0.154575         0.0598        0.032275       -0.292148
          0.137         0.0598         0.03085       -0.294016
        0.12065         0.0598        0.029325       -0.300707
        0.10555         0.0598        0.027675       -0.294267
       0.091775         0.0598         0.02595       -0.290509
         0.0794         0.0598        0.024225       -0.309227
       0.068425         0.0598         0.02245       -0.362655
        0.05895         0.0598          0.0205       -0.465467
          0.051         0.0598           0.018       -0.513406
         0.0446         0.0598        0.014725       -0.391427
       0.039775         0.0598         0.01085       -0.136481
       0.036525         0.0598          0.0066        0.235137
       0.034925         0.0598         0.00235        0.638868
        0.03455         0.0598         0.00015        0.770277
        0.03455         0.0598        -0.00015        0.759347
       0.034925         0.0598        -0.00235         0.82295
       0.036525         0.0598         -0.0066        0.709705
       0.039775         0.0598        -0.01085         0.43314
         0.0446         0.0598       -0.014725        0.169607
          0.051         0.0598          -0.018     -0.00626141
        0.05895         0.0598         -0.0205      -0.0380649
       0.068425         0.0598        -0.02245     -0.00296374
         0.0794         0.0598       -0.024225      0.00748885
       0.091775         0.0598        -0.02595     -0.00238825
        0.10555         0.0598       -0.027675      -0.0243142
        0.12065         0.0598       -0.029325      -0.0478006
          0.137         0.0598        -0.03085      -0.0588186
       0.154575         0.0598       -0.032275      -0.0728223
       0.173275         0.0598       -0.033575      -0.0845355
       0.193025         0.0598        -0.03475      -0.0959111
        0.21375         0.0598         -0.0358       -0.108255
        0.23535         0.0598       -0.036725       -0.123222
         0.2577         0.0598        -0.03745        -0.13439
       0.280775         0.0598          -0.038       -0.144693
         0.3045         0.0598       -0.038375         -0.1572
       0.328725         0.0598       -0.038525       -0.168927
       0.353325         0.0598       -0.038425       -0.181179
        0.37825         0.0598       -0.038025       -0.186376
       0.403375         0.0598       -0.037375       -0.189843
         0.4286         0.0598       -0.036475       -0.191739
        0.45385         0.0598         -0.0353       -0.186538
          0.479         0.0598         -0.0339       -0.179036
       0.503925         0.0598         -0.0323       -0.166205
       0.528525         0.0598        -0.03055       -0.152854
       0.552725         0.0598       -0.028675       -0.135724
       0.576425         0.0598       -0.026725        -0.11906
       0.599525         0.0598        -0.02475       -0.103911
         0.6219         0.0598       -0.022775      -0.0919534
         0.6435         0.0598       -0.020775      -0.0769305
       0.664225         0.0598       -0.018775      -0.0618923
       0.683975         0.0598       -0.016825      -0.0500632
        0.70265         0.0598       -0.014875      -0.0332404
         0.7202         0.0598        -0.01295      -0.0142898
       0.736575         0.0598       -0.011075      0.00534566
       0.751675         0.0598       -0.009225       0.0351863
       0.765425         0.0598       -0.007475       0.0653566
         0.7778         0.0598       -0.005875       0.0970822
       0.788775         0.0598        -0.00445        0.125441
       0.798275         0.0598       -0.003225        0.151983
       0.806225         0.0598        -0.00215        0.194314
       0.812625         0.0598         -0.0013        0.229885
        0.81745         0.0598       -0.000675        0.274713
       0.820675         0.0598        -0.00025        0.329991
         0.8223         0.0598          -5e-05        0.357794
         0.8559         0.1794           5e-05      0.367285
        0.85435         0.1794         0.00025      0.335889
       0.851275         0.1794         0.00065       0.27831
       0.846675         0.1794         0.00125      0.233892
       0.840575         0.1794         0.00205      0.195509
        0.83295         0.1794         0.00305      0.161768
       0.823875         0.1794         0.00425      0.128815
       0.813425         0.1794        0.005625      0.095151
         0.8016         0.1794         0.00715     0.0647368
        0.78845         0.1794        0.008825      0.031769
       0.774025         0.1794        0.010575    0.00103062
         0.7584         0.1794         0.01235    -0.0205798
        0.74165         0.1794        0.014175    -0.0426046
         0.7238         0.1794         0.01605    -0.0653553
       0.704925         0.1794        0.017925    -0.0844406
        0.68515         0.1794        0.019825     -0.102769
        0.66455         0.1794         0.02175     -0.125818
        0.64315         0.1794         0.02365     -0.145309
       0.621075         0.1794        0.025525     -0.166025
       0.598475         0.1794        0.027375     -0.189793
       0.575375         0.1794         0.02915     -0.214212
        0.55185         0.1794        0.030825     -0.236192
        0.52805         0.1794        0.032375       -0.2616
        0.50405         0.1794          0.0337     -0.279563
       0.479925         0.1794        0.034825     -0.297906
       0.455825         0.1794          0.0357     -0.311747
       0.431825         0.1794          0.0363     -0.318729
       0.408025         0.1794        0.036675       -0.3247
       0.384525         0.1794        0.036775     -0.322294
         0.3614         0.1794         0.03665     -0.320286
        0.33875         0.1794          0.0363     -0.316944
         0.3167         0.1794         0.03575     -0.312443
        0.29535         0.1794         0.03505     -0.317762
       0.274725         0.1794        0.034175     -0.319894
        0.25495         0.1794        0.033175     -0.324093
         0.2361         0.1794         0.03205     -0.328646
       0.218225         0.1794        0.030825     -0.338252
        0.20145         0.1794        0.029475     -0.340637
        0.18585         0.1794           0.028     -0.342642
       0.171425         0.1794        0.026425     -0.346115
        0.15825         0.1794        0.024775     -0.357033
       0.146425         0.1794        0.023125     -0.394596
       0.135975         0.1794         0.02145     -0.478379
       0.126925         0.1794        0.019575     -0.602886
         0.1193         0.1794        0.017175     -0.676868
         0.1132         0.1794        0.014075      -0.57025
         0.1086         0.1794        0.010375     -0.307043
         0.1055         0.1794          0.0063      0.111238
       0.103975         0.1794         0.00225      0.559541
         0.1036         0.1794         0.00015      0.728152
         0.1036         0.1794        -0.00015      0.714616
       0.103975         0.1794        -0.00225        0.8037
         0.1055         0.1794         -0.0063      0.708577
         0.1086         0.1794       -0.010375      0.412014
         0.1132         0.1794       -0.014075       0.12514
         0.1193         0.1794       -0.017175    -0.0646492
       0.126925         0.1794       -0.019575     -0.100394
       0.135975         0.1794        -0.02145    -0.0659535
       0.146425         0.1794       -0.023125    -0.0400054
        0.15825         0.1794       -0.024775     -0.038518
       0.171425         0.1794       -0.026425    -0.0523723
        0.18585         0.1794          -0.028    -0.0706819
        0.20145         0.1794       -0.029475    -0.0865433
       0.218225         0.1794       -0.030825     -0.101291
         0.2361         0.1794        -0.03205     -0.109284
        0.25495         0.1794       -0.033175     -0.121109
       0.274725         0.1794       -0.034175     -0.131542
        0.29535         0.1794        -0.03505     -0.142887
         0.3167         0.1794        -0.03575     -0.151537
        0.33875         0.1794         -0.0363     -0.163971
         0.3614         0.1794        -0.03665     -0.175982
       0.384525         0.1794       -0.036775     -0.184312
       0.408025         0.1794       -0.036675     -0.192692
       0.431825         0.1794         -0.0363     -0.193974
       0.455825         0.1794         -0.0357     -0.194971
       0.479925         0.1794       -0.034825     -0.190208
        0.50405         0.1794         -0.0337     -0.180529
        0.52805         0.1794       -0.032375     -0.171047
        0.55185         0.1794       -0.030825      -0.15338
       0.575375         0.1794        -0.02915     -0.137963
       0.598475         0.1794       -0.027375     -0.121132
       0.621075         0.1794       -0.025525      -0.10395
        0.64315         0.1794        -0.02365     -0.089554
        0.66455         0.1794        -0.02175    -0.0755024
        0.68515         0.1794       -0.019825    -0.0580929
       0.704925         0.1794       -0.017925     -0.043913
         0.7238         0.1794        -0.01605    -0.0297127
        0.74165         0.1794       -0.014175    -0.0111064
         0.7584         0.1794        -0.01235    0.00664802
       0.774025         0.1794       -0.010575     0.0242357
        0.78845         0.1794       -0.008825     0.0505477
         0.8016         0.1794        -0.00715     0.0805023
       0.813425         0.1794       -0.005625      0.107889
       0.823875         0.1794        -0.00425      0.138658
        0.83295         0.1794        -0.00305      0.169452
       0.840575         0.1794        -0.00205       0.19971
       0.846675         0.1794        -0.00125      0.234484
       0.851275         0.1794        -0.00065      0.276404
        0.85435         0.1794        -0.00025      0.331341
         0.8559         0.1794          -5e-05      0.361893
       0.889525         0.299            5e-05      0.369133
        0.88805         0.299          0.00025      0.335192
         0.8851         0.299         0.000625      0.278279
         0.8807         0.299           0.0012        0.2384
         0.8749         0.299          0.00195      0.197143
        0.86765         0.299         0.002875      0.172428
          0.859         0.299         0.004025      0.137141
        0.84905         0.299          0.00535      0.101771
       0.837775         0.299         0.006825     0.0690978
       0.825225         0.299         0.008425     0.0362601
       0.811475         0.299         0.010075    0.00891119
         0.7966         0.299          0.01175    -0.0104987
        0.78065         0.299         0.013475    -0.0303827
       0.763625         0.299         0.015275    -0.0530958
       0.745625         0.299         0.017075    -0.0736483
       0.726775         0.299         0.018875    -0.0891484
        0.70715         0.299         0.020725     -0.113081
       0.686775         0.299          0.02255     -0.134796
        0.66575         0.299         0.024325     -0.153698
         0.6442         0.299         0.026075     -0.175729
       0.622175         0.299         0.027775     -0.201136
        0.59975         0.299         0.029375     -0.225679
       0.577075         0.299          0.03085     -0.251984
       0.554225         0.299         0.032125     -0.271873
        0.53125         0.299         0.033175     -0.286644
       0.508275         0.299            0.034     -0.300282
         0.4854         0.299           0.0346     -0.313017
       0.462725         0.299          0.03495     -0.323663
       0.440325         0.299          0.03505     -0.331402
         0.4183         0.299          0.03495     -0.341125
       0.396725         0.299           0.0346     -0.337059
         0.3757         0.299          0.03405     -0.331225
        0.35535         0.299         0.033375     -0.332344
         0.3357         0.299          0.03255      -0.33224
        0.31685         0.299         0.031625     -0.338802
         0.2989         0.299         0.030575     -0.347727
         0.2819         0.299         0.029375     -0.353388
       0.265925         0.299         0.028075     -0.363625
       0.251025         0.299         0.026675     -0.376904
       0.237275         0.299         0.025175     -0.389875
        0.22475         0.299         0.023625     -0.413102
       0.213475         0.299          0.02205     -0.452405
         0.2035         0.299         0.020425     -0.527781
       0.194875         0.299         0.018625     -0.648284
       0.187625         0.299          0.01635     -0.717716
         0.1818         0.299         0.013425      -0.62996
         0.1774         0.299           0.0099     -0.355562
       0.174475         0.299            0.006     0.0849991
       0.173025         0.299          0.00215      0.532987
        0.17265         0.299          0.00015      0.717894
        0.17265         0.299         -0.00015      0.700359
       0.173025         0.299         -0.00215      0.807413
       0.174475         0.299           -0.006      0.734315
         0.1774         0.299          -0.0099      0.444618
         0.1818         0.299        -0.013425      0.147616
       0.187625         0.299         -0.01635    -0.0373749
       0.194875         0.299        -0.018625    -0.0870713
         0.2035         0.299        -0.020425    -0.0656578
       0.213475         0.299         -0.02205    -0.0542479
        0.22475         0.299        -0.023625    -0.0597895
       0.237275         0.299        -0.025175    -0.0716446
       0.251025         0.299        -0.026675    -0.0882597
       0.265925         0.299        -0.028075      -0.10116
         0.2819         0.299        -0.029375     -0.111875
         0.2989         0.299        -0.030575     -0.123578
        0.31685         0.299        -0.031625     -0.131917
         0.3357         0.299         -0.03255     -0.138682
        0.35535         0.299        -0.033375     -0.150696
         0.3757         0.299         -0.03405     -0.160807
       0.396725         0.299          -0.0346      -0.17507
         0.4183         0.299         -0.03495     -0.188141
       0.440325         0.299         -0.03505     -0.190147
       0.462725         0.299         -0.03495     -0.193831
         0.4854         0.299          -0.0346      -0.19371
       0.508275         0.299           -0.034     -0.189799
        0.53125         0.299        -0.033175     -0.184866
       0.554225         0.299        -0.032125     -0.177254
       0.577075         0.299         -0.03085     -0.165136
        0.59975         0.299        -0.029375     -0.146843
       0.622175         0.299        -0.027775     -0.129887
         0.6442         0.299        -0.026075     -0.111744
        0.66575         0.299        -0.024325    -0.0958132
       0.686775         0.299         -0.02255    -0.0826271
        0.70715         0.299        -0.020725     -0.066407
       0.726775         0.299        -0.018875    -0.0477638
       0.745625         0.299        -0.017075     -0.036178
       0.763625         0.299        -0.015275    -0.0208305
        0.78065         0.299        -0.013475   -0.00171011
         0.7966         0.299         -0.01175     0.0144441
       0.811475         0.299        -0.010075      0.030654
       0.825225         0.299        -0.008425     0.0540225
       0.837775         0.299        -0.006825     0.0836462
        0.84905         0.299         -0.00535      0.113549
          0.859         0.299        -0.004025      0.145953
        0.86765         0.299        -0.002875       0.17831
         0.8749         0.299         -0.00195      0.201554
         0.8807         0.299          -0.0012      0.239215
         0.8851         0.299        -0.000625      0.278313
        0.88805         0.299         -0.00025      0.329615
       0.889525         0.299           -5e-05      0.362296
        0.92315        0.4186            5e-05       0.367139
       0.921725        0.4186          0.00025       0.330457
         0.9189        0.4186           0.0006       0.275926
       0.914725        0.4186         0.001125       0.244911
       0.909225        0.4186          0.00185       0.201403
        0.90235        0.4186          0.00275       0.168862
       0.894125        0.4186         0.003825        0.13772
        0.88465        0.4186         0.005075       0.105984
       0.873925        0.4186         0.006475      0.0715971
          0.862        0.4186         0.007975      0.0430202
        0.84895        0.4186          0.00955      0.0161764
         0.8348        0.4186         0.011175    -0.00698865
       0.819625        0.4186         0.012825     -0.0266554
       0.803475        0.4186         0.014525     -0.0467146
       0.786375        0.4186          0.01625     -0.0685906
        0.76845        0.4186          0.01795     -0.0837557
       0.749775        0.4186         0.019675      -0.101927
         0.7304        0.4186         0.021425      -0.124635
       0.710425        0.4186          0.02315      -0.147808
       0.689925        0.4186         0.024825      -0.171053
       0.668975        0.4186         0.026425      -0.194699
       0.647675        0.4186         0.027925      -0.217774
       0.626125        0.4186         0.029325      -0.244269
         0.6044        0.4186          0.03055      -0.268358
       0.582575        0.4186          0.03155      -0.286388
        0.56075        0.4186         0.032325      -0.300476
          0.539        0.4186           0.0329      -0.315053
        0.51745        0.4186          0.03325      -0.328315
       0.496175        0.4186         0.033325      -0.329757
       0.475225        0.4186           0.0332      -0.332801
         0.4547        0.4186         0.032875      -0.335715
       0.434725        0.4186         0.032375      -0.337526
       0.415375        0.4186          0.03175      -0.344507
         0.3967        0.4186         0.030975      -0.350476
       0.378775        0.4186         0.030075      -0.358636
         0.3617        0.4186         0.029075      -0.372628
        0.34555        0.4186         0.027925      -0.380217
        0.33035        0.4186         0.026675      -0.393043
       0.316175        0.4186          0.02535      -0.404464
       0.303125        0.4186         0.023925      -0.404325
       0.291225        0.4186          0.02245      -0.414716
         0.2805        0.4186          0.02095      -0.447882
       0.271025        0.4186         0.019425      -0.527423
       0.262825        0.4186         0.017725      -0.662728
        0.25595        0.4186          0.01555      -0.733345
         0.2504        0.4186          0.01275      -0.660397
         0.2462        0.4186           0.0094      -0.395435
       0.243425        0.4186           0.0057      0.0425489
        0.24205        0.4186          0.00205       0.507301
         0.2417        0.4186          0.00015        0.70229
         0.2417        0.4186         -0.00015       0.685972
        0.24205        0.4186         -0.00205       0.799321
       0.243425        0.4186          -0.0057       0.733163
         0.2462        0.4186          -0.0094       0.446328
         0.2504        0.4186         -0.01275       0.150365
        0.25595        0.4186         -0.01555     -0.0260431
       0.262825        0.4186        -0.017725     -0.0755459
       0.271025        0.4186        -0.019425     -0.0443288
         0.2805        0.4186         -0.02095     -0.0322696
       0.291225        0.4186         -0.02245     -0.0427834
       0.303125        0.4186        -0.023925     -0.0635512
       0.316175        0.4186         -0.02535     -0.0871068
        0.33035        0.4186        -0.026675      -0.102899
        0.34555        0.4186        -0.027925      -0.115794
         0.3617        0.4186        -0.029075      -0.132018
       0.378775        0.4186        -0.030075      -0.138918
         0.3967        0.4186        -0.030975      -0.147592
       0.415375        0.4186         -0.03175      -0.157179
       0.434725        0.4186        -0.032375      -0.164116
         0.4547        0.4186        -0.032875      -0.174024
       0.475225        0.4186          -0.0332      -0.183326
       0.496175        0.4186        -0.033325      -0.189265
        0.51745        0.4186         -0.03325      -0.196711
          0.539        0.4186          -0.0329       -0.19394
        0.56075        0.4186        -0.032325      -0.188917
       0.582575        0.4186         -0.03155      -0.184461
         0.6044        0.4186         -0.03055      -0.175393
       0.626125        0.4186        -0.029325      -0.160824
       0.647675        0.4186        -0.027925      -0.141974
       0.668975        0.4186        -0.026425      -0.126325
       0.689925        0.4186        -0.024825      -0.109767
       0.710425        0.4186         -0.02315      -0.092822
         0.7304        0.4186        -0.021425     -0.0755508
       0.749775        0.4186        -0.019675     -0.0580509
        0.76845        0.4186         -0.01795      -0.044475
       0.786375        0.4186         -0.01625     -0.0335918
       0.803475        0.4186        -0.014525     -0.0163311
       0.819625        0.4186        -0.012825    0.000372419
         0.8348        0.4186        -0.011175       0.016122
        0.84895        0.4186         -0.00955      0.0360934
          0.862        0.4186        -0.007975      0.0597396
       0.873925        0.4186        -0.006475      0.0853739
        0.88465        0.4186        -0.005075       0.116117
       0.894125        0.4186        -0.003825       0.145338
        0.90235        0.4186         -0.00275       0.173815
       0.909225        0.4186         -0.00185       0.204712
       0.914725        0.4186        -0.001125       0.244896
         0.9189        0.4186          -0.0006        0.27512
       0.921725        0.4186         -0.00025       0.323962
        0.92315        0.4186           -5e-05       0.359502
        0.95675        0.5382            5e-05       0.366453
         0.9554        0.5382         0.000225       0.334328
        0.95275        0.5382         0.000575       0.281458
         0.9488        0.5382         0.001075       0.237765
        0.94355        0.5382          0.00175        0.20981
       0.937025        0.5382         0.002625       0.169412
        0.92925        0.5382          0.00365       0.137636
        0.92025        0.5382         0.004825       0.107654
         0.9101        0.5382         0.006125      0.0788494
         0.8988        0.5382          0.00755      0.0505404
       0.886425        0.5382         0.009075      0.0192051
          0.873        0.5382         0.010625    -0.00545842
         0.8586        0.5382         0.012175     -0.0219404
         0.8433        0.5382         0.013775     -0.0408857
         0.8271        0.5382         0.015425     -0.0643973
       0.810125        0.5382          0.01705     -0.0824875
         0.7924        0.5382         0.018675     -0.0992854
       0.774025        0.5382           0.0203      -0.118919
         0.7551        0.5382         0.021925       -0.14033
       0.735675        0.5382         0.023525      -0.165752
       0.715825        0.5382          0.02505      -0.189418
       0.695625        0.5382         0.026475      -0.213805
       0.675175        0.5382         0.027775      -0.236419
       0.654575        0.5382          0.02895      -0.262104
         0.6339        0.5382         0.029925      -0.284386
       0.613225        0.5382          0.03065       -0.29705
         0.5926        0.5382           0.0312      -0.313187
        0.57215        0.5382         0.031525       -0.32812
       0.551975        0.5382         0.031575      -0.330122
       0.532125        0.5382          0.03145      -0.335927
       0.512675        0.5382          0.03115      -0.339638
        0.49375        0.5382           0.0307      -0.343773
         0.4754        0.5382           0.0301      -0.347553
       0.457675        0.5382         0.029375      -0.355062
         0.4407        0.5382         0.028525      -0.362608
       0.424525        0.5382          0.02755      -0.369017
         0.4092        0.5382         0.026475      -0.376607
       0.394775        0.5382           0.0253      -0.386938
        0.38135        0.5382         0.024025      -0.395898
       0.368975        0.5382         0.022675      -0.411945
       0.357675        0.5382         0.021275      -0.435383
       0.347525        0.5382          0.01985       -0.48155
        0.33855        0.5382         0.018425      -0.584519
       0.330775        0.5382         0.016825      -0.735187
        0.32425        0.5382          0.01475      -0.809972
          0.319        0.5382         0.012075      -0.720665
       0.315025        0.5382           0.0089      -0.462541
       0.312375        0.5382           0.0054     -0.0162672
       0.311075        0.5382          0.00195       0.471823
        0.31075        0.5382          0.00015         0.6797
        0.31075        0.5382         -0.00015       0.664826
       0.311075        0.5382         -0.00195       0.788375
       0.312375        0.5382          -0.0054       0.736199
       0.315025        0.5382          -0.0089       0.447877
          0.319        0.5382        -0.012075       0.151099
        0.32425        0.5382         -0.01475     -0.0459557
       0.330775        0.5382        -0.016825      -0.106227
        0.33855        0.5382        -0.018425      -0.075068
       0.347525        0.5382         -0.01985     -0.0512566
       0.357675        0.5382        -0.021275     -0.0545964
       0.368975        0.5382        -0.022675      -0.069223
        0.38135        0.5382        -0.024025     -0.0825588
       0.394775        0.5382          -0.0253     -0.0991742
         0.4092        0.5382        -0.026475      -0.111135
       0.424525        0.5382         -0.02755      -0.124474
         0.4407        0.5382        -0.028525      -0.136007
       0.457675        0.5382        -0.029375      -0.147006
         0.4754        0.5382          -0.0301      -0.155557
        0.49375        0.5382          -0.0307      -0.165699
       0.512675        0.5382         -0.03115      -0.173687
       0.532125        0.5382         -0.03145      -0.182096
       0.551975        0.5382        -0.031575      -0.187813
        0.57215        0.5382        -0.031525      -0.196269
         0.5926        0.5382          -0.0312      -0.193334
       0.613225        0.5382         -0.03065      -0.187221
         0.6339        0.5382        -0.029925      -0.184374
       0.654575        0.5382         -0.02895      -0.171396
       0.675175        0.5382        -0.027775       -0.15451
       0.695625        0.5382        -0.026475      -0.139903
       0.715825        0.5382         -0.02505      -0.123593
       0.735675        0.5382        -0.023525      -0.106554
         0.7551        0.5382        -0.021925     -0.0877699
       0.774025        0.5382          -0.0203     -0.0716327
         0.7924        0.5382        -0.018675     -0.0576163
       0.810125        0.5382         -0.01705     -0.0450215
         0.8271        0.5382        -0.015425     -0.0314654
         0.8433        0.5382        -0.013775     -0.0121675
         0.8586        0.5382        -0.012175      0.0033718
          0.873        0.5382        -0.010625       0.016253
       0.886425        0.5382        -0.009075      0.0372487
         0.8988        0.5382         -0.00755      0.0655698
         0.9101        0.5382        -0.006125      0.0914786
        0.92025        0.5382        -0.004825       0.117309
        0.92925        0.5382         -0.00365       0.145005
       0.937025        0.5382        -0.002625       0.174524
        0.94355        0.5382         -0.00175       0.211888
         0.9488        0.5382        -0.001075       0.239071
        0.95275        0.5382        -0.000575       0.278909
         0.9554        0.5382        -0.000225       0.331623
        0.95675        0.5382           -5e-05        0.36013
       0.990325        0.6578            5e-05        0.366243
       0.989075        0.6578           0.0002        0.337564
         0.9866        0.6578         0.000525        0.294505
        0.98285        0.6578         0.001025        0.237241
        0.97785        0.6578         0.001675        0.205994
         0.9717        0.6578         0.002475         0.17126
       0.964375        0.6578         0.003425         0.14452
       0.955875        0.6578          0.00455        0.110954
       0.946275        0.6578           0.0058       0.0789029
         0.9356        0.6578          0.00715       0.0499466
         0.9239        0.6578         0.008575       0.0216146
         0.9112        0.6578         0.010025    -0.000224717
         0.8976        0.6578           0.0115      -0.0177028
       0.883125        0.6578         0.013025      -0.0385404
       0.867825        0.6578         0.014575      -0.0592108
       0.851775        0.6578         0.016125      -0.0781628
       0.835025        0.6578         0.017675      -0.0970896
       0.817675        0.6578           0.0192       -0.115041
       0.799775        0.6578         0.020725       -0.135005
       0.781425        0.6578         0.022225       -0.159092
       0.762675        0.6578         0.023675       -0.183682
       0.743575        0.6578         0.025025        -0.20864
        0.72425        0.6578          0.02625       -0.229988
       0.704775        0.6578         0.027375       -0.259008
       0.685225        0.6578           0.0283       -0.283294
       0.665675        0.6578         0.028975       -0.295801
       0.646175        0.6578         0.029475        -0.30958
        0.62685        0.6578         0.029775       -0.323481
       0.607775        0.6578          0.02985        -0.32904
       0.589025        0.6578          0.02975       -0.337064
        0.57065        0.6578          0.02945       -0.339531
        0.55275        0.6578            0.029       -0.341749
         0.5354        0.6578         0.028425       -0.345842
        0.51865        0.6578          0.02775       -0.355779
       0.502625        0.6578          0.02695         -0.3647
        0.48735        0.6578         0.026025       -0.371992
        0.47285        0.6578         0.025025        -0.38707
       0.459225        0.6578         0.023925       -0.402534
        0.44655        0.6578         0.022725       -0.416938
       0.434825        0.6578          0.02145       -0.436257
        0.42415        0.6578         0.020125       -0.459717
       0.414575        0.6578         0.018775       -0.499034
       0.406075        0.6578           0.0174       -0.585461
       0.398725        0.6578         0.015875       -0.719029
        0.39255        0.6578          0.01395       -0.821357
         0.3876        0.6578         0.011425       -0.703636
        0.38385        0.6578           0.0084       -0.450616
       0.381325        0.6578           0.0051      -0.0136567
         0.3801        0.6578          0.00185        0.476161
         0.3798        0.6578          0.00015        0.685381
         0.3798        0.6578         -0.00015        0.672527
         0.3801        0.6578         -0.00185        0.796514
       0.381325        0.6578          -0.0051        0.754452
        0.38385        0.6578          -0.0084        0.473145
         0.3876        0.6578        -0.011425        0.186436
        0.39255        0.6578         -0.01395      -0.0324389
       0.398725        0.6578        -0.015875      -0.0763009
       0.406075        0.6578          -0.0174      -0.0579069
       0.414575        0.6578        -0.018775      -0.0465115
        0.42415        0.6578        -0.020125      -0.0560025
       0.434825        0.6578         -0.02145      -0.0725527
        0.44655        0.6578        -0.022725      -0.0879863
       0.459225        0.6578        -0.023925        -0.10417
        0.47285        0.6578        -0.025025       -0.116336
        0.48735        0.6578        -0.026025       -0.124927
       0.502625        0.6578         -0.02695       -0.136881
        0.51865        0.6578         -0.02775       -0.147216
         0.5354        0.6578        -0.028425       -0.153224
        0.55275        0.6578           -0.029       -0.163558
        0.57065        0.6578         -0.02945       -0.174289
       0.589025        0.6578         -0.02975       -0.184303
       0.607775        0.6578         -0.02985       -0.188542
        0.62685        0.6578        -0.029775       -0.193887
       0.646175        0.6578        -0.029475       -0.191706
       0.665675        0.6578        -0.028975       -0.187788
       0.685225        0.6578          -0.0283       -0.185425
       0.704775        0.6578        -0.027375       -0.171298
        0.72425        0.6578         -0.02625       -0.152005
       0.743575        0.6578        -0.025025       -0.138258
       0.762675        0.6578        -0.023675       -0.121636
       0.781425        0.6578        -0.022225       -0.103418
       0.799775        0.6578        -0.020725      -0.0859354
       0.817675        0.6578          -0.0192      -0.0708211
       0.835025        0.6578        -0.017675      -0.0580682
       0.851775        0.6578        -0.016125      -0.0435164
       0.867825        0.6578        -0.014575      -0.0288654
       0.883125        0.6578        -0.013025      -0.0121114
         0.8976        0.6578          -0.0115      0.00534226
         0.9112        0.6578        -0.010025       0.0200102
         0.9239        0.6578        -0.008575       0.0382832
         0.9356        0.6578         -0.00715       0.0633028
       0.946275        0.6578          -0.0058       0.0896971
       0.955875        0.6578         -0.00455        0.119503
       0.964375        0.6578        -0.003425        0.151045
         0.9717        0.6578        -0.002475        0.175618
        0.97785        0.6578        -0.001675        0.206636
        0.98285        0.6578        -0.001025        0.237597
         0.9866        0.6578        -0.000525        0.290668
       0.989075        0.6578          -0.0002        0.334692
       0.990325        0.6578           -5e-05        0.354753
        1.02392        0.7774            5e-05       0.36795
        1.02277        0.7774           0.0002      0.331761
        1.02042        0.7774           0.0005      0.292714
        1.01687        0.7774         0.000975       0.24127
        1.01218        0.7774           0.0016      0.201709
         1.0064        0.7774          0.00235      0.169246
         0.9995        0.7774         0.003225      0.146305
         0.9915        0.7774         0.004275      0.117101
        0.98245        0.7774         0.005475     0.0795874
         0.9724        0.7774          0.00675     0.0498305
       0.961375        0.7774         0.008075     0.0252297
         0.9494        0.7774         0.009425    0.00676554
         0.9366        0.7774         0.010825    -0.0117943
       0.922975        0.7774         0.012275    -0.0354459
        0.90855        0.7774         0.013725    -0.0538464
         0.8934        0.7774         0.015175    -0.0709446
        0.87765        0.7774         0.016625    -0.0886791
       0.861325        0.7774         0.018075     -0.108059
        0.84445        0.7774         0.019525     -0.129687
        0.82715        0.7774          0.02095     -0.154092
       0.809475        0.7774         0.022325     -0.180466
         0.7915        0.7774         0.023575     -0.202484
       0.773325        0.7774         0.024725     -0.223649
       0.754975        0.7774         0.025775     -0.251416
        0.73655        0.7774          0.02665     -0.275088
       0.718125        0.7774           0.0273     -0.290939
        0.69975        0.7774          0.02775     -0.300987
       0.681575        0.7774          0.02805     -0.317376
       0.663625        0.7774          0.02815     -0.328313
        0.64595        0.7774          0.02805      -0.33539
       0.628625        0.7774          0.02775     -0.336273
        0.61175        0.7774         0.027325     -0.341352
         0.5954        0.7774           0.0268     -0.352479
        0.57965        0.7774          0.02615     -0.363194
        0.56455        0.7774         0.025375     -0.370876
       0.550125        0.7774           0.0245     -0.379497
       0.536475        0.7774         0.023575      -0.39946
       0.523675        0.7774          0.02255     -0.412012
       0.511725        0.7774         0.021425     -0.416245
       0.500675        0.7774         0.020225     -0.422178
       0.490625        0.7774         0.018975     -0.439672
         0.4816        0.7774           0.0177      -0.47575
         0.4736        0.7774           0.0164     -0.567664
       0.466675        0.7774          0.01495     -0.705399
       0.460875        0.7774         0.013125     -0.815363
         0.4562        0.7774          0.01075     -0.716403
        0.45265        0.7774           0.0079     -0.469853
       0.450275        0.7774           0.0048    -0.0391528
       0.449125        0.7774         0.001725        0.4673
        0.44885        0.7774         0.000125      0.676035
        0.44885        0.7774        -0.000125      0.663585
       0.449125        0.7774        -0.001725      0.788282
       0.450275        0.7774          -0.0048      0.749591
        0.45265        0.7774          -0.0079      0.468293
         0.4562        0.7774         -0.01075      0.181475
       0.460875        0.7774        -0.013125    -0.0281334
       0.466675        0.7774         -0.01495    -0.0646958
         0.4736        0.7774          -0.0164    -0.0439998
         0.4816        0.7774          -0.0177    -0.0290833
       0.490625        0.7774        -0.018975    -0.0421233
       0.500675        0.7774        -0.020225    -0.0598359
       0.511725        0.7774        -0.021425    -0.0814801
       0.523675        0.7774         -0.02255    -0.0996963
       0.536475        0.7774        -0.023575     -0.113986
       0.550125        0.7774          -0.0245     -0.121345
        0.56455        0.7774        -0.025375     -0.136115
        0.57965        0.7774         -0.02615     -0.150077
         0.5954        0.7774          -0.0268      -0.15798
        0.61175        0.7774        -0.027325     -0.164623
       0.628625        0.7774         -0.02775     -0.174335
        0.64595        0.7774         -0.02805     -0.186427
       0.663625        0.7774         -0.02815     -0.191977
       0.681575        0.7774         -0.02805     -0.193252
        0.69975        0.7774         -0.02775     -0.188751
       0.718125        0.7774          -0.0273     -0.188609
        0.73655        0.7774         -0.02665      -0.18378
       0.754975        0.7774        -0.025775     -0.169524
       0.773325        0.7774        -0.024725     -0.151869
         0.7915        0.7774        -0.023575     -0.137845
       0.809475        0.7774        -0.022325     -0.123748
        0.82715        0.7774         -0.02095     -0.103787
        0.84445        0.7774        -0.019525    -0.0853129
       0.861325        0.7774        -0.018075     -0.068723
        0.87765        0.7774        -0.016625    -0.0541092
         0.8934        0.7774        -0.015175    -0.0405072
        0.90855        0.7774        -0.013725    -0.0272831
       0.922975        0.7774        -0.012275    -0.0124383
         0.9366        0.7774        -0.010825    0.00751895
         0.9494        0.7774        -0.009425      0.023724
       0.961375        0.7774        -0.008075     0.0391133
         0.9724        0.7774         -0.00675     0.0613263
        0.98245        0.7774        -0.005475     0.0888007
         0.9915        0.7774        -0.004275      0.123469
         0.9995        0.7774        -0.003225      0.151139
         1.0064        0.7774         -0.00235      0.172107
        1.01218        0.7774          -0.0016      0.202585
        1.01687        0.7774        -0.000975      0.240336
        1.02042        0.7774          -0.0005       0.28839
        1.02277        0.7774          -0.0002      0.326813
        1.02392        0.7774           -5e-05      0.352578
        1.05755         0.897            5e-05       0.366504
        1.05647         0.897           0.0002       0.323594
        1.05425         0.897         0.000475       0.286636
        1.05093         0.897           0.0009       0.247214
        1.04652         0.897         0.001475       0.210387
        1.04107         0.897           0.0022       0.175968
         1.0346         0.897          0.00305       0.144723
         1.0271         0.897         0.004025       0.118457
        1.01863         0.897         0.005125      0.0876942
         1.0092         0.897         0.006325      0.0575145
       0.998825         0.897         0.007575      0.0316213
         0.9876         0.897          0.00885      0.0139972
         0.9756         0.897         0.010175    -0.00741457
         0.9628         0.897         0.011525      -0.028252
        0.94925         0.897         0.012875     -0.0452248
        0.93505         0.897         0.014225     -0.0612941
       0.920275         0.897         0.015575     -0.0772086
        0.90495         0.897          0.01695     -0.0970995
       0.889125         0.897         0.018325      -0.120973
       0.872875         0.897          0.01965      -0.142301
       0.856275         0.897         0.020925      -0.165242
       0.839425         0.897         0.022125      -0.189712
       0.822375         0.897         0.023225       -0.21489
        0.80515         0.897         0.024175      -0.236802
       0.787875         0.897         0.024975      -0.257358
       0.770575         0.897           0.0256      -0.275961
       0.753325         0.897          0.02605      -0.291337
       0.736275         0.897         0.026325      -0.307915
       0.719425         0.897           0.0264      -0.317659
       0.702825         0.897           0.0263       -0.32568
       0.686575         0.897         0.026025      -0.328454
        0.67075         0.897          0.02565      -0.337546
       0.655425         0.897          0.02515      -0.344717
        0.64065         0.897         0.024525      -0.349078
        0.62645         0.897         0.023825        -0.3613
       0.612925         0.897            0.023      -0.366237
        0.60015         0.897           0.0221      -0.375732
       0.588125         0.897          0.02115      -0.395483
         0.5769         0.897           0.0201      -0.412173
        0.56655         0.897         0.018975      -0.432036
         0.5571         0.897           0.0178      -0.460688
       0.548625         0.897           0.0166      -0.506917
       0.541125         0.897           0.0154      -0.617323
       0.534625         0.897          0.01405      -0.760491
       0.529175         0.897         0.012325      -0.859584
       0.524775         0.897           0.0101      -0.780687
       0.521475         0.897         0.007425      -0.488855
        0.51925         0.897           0.0045     -0.0791493
        0.51815         0.897           0.0016       0.454617
         0.5179         0.897           0.0001       0.663953
         0.5179         0.897          -0.0001        0.65219
        0.51815         0.897          -0.0016       0.778039
        0.51925         0.897          -0.0045       0.744581
       0.521475         0.897        -0.007425       0.472948
       0.524775         0.897          -0.0101       0.159279
       0.529175         0.897        -0.012325     -0.0445901
       0.534625         0.897         -0.01405     -0.0952151
       0.541125         0.897          -0.0154     -0.0779939
       0.548625         0.897          -0.0166     -0.0539556
         0.5571         0.897          -0.0178     -0.0627657
        0.56655         0.897        -0.018975     -0.0770365
         0.5769         0.897          -0.0201      -0.092067
       0.588125         0.897         -0.02115      -0.105272
        0.60015         0.897          -0.0221      -0.112671
       0.612925         0.897           -0.023      -0.124861
        0.62645         0.897        -0.023825      -0.140473
        0.64065         0.897        -0.024525      -0.147454
       0.655425         0.897         -0.02515      -0.159346
        0.67075         0.897         -0.02565      -0.169344
       0.686575         0.897        -0.026025      -0.175162
       0.702825         0.897          -0.0263      -0.186258
       0.719425         0.897          -0.0264      -0.192082
       0.736275         0.897        -0.026325      -0.194599
       0.753325         0.897         -0.02605      -0.190576
       0.770575         0.897          -0.0256      -0.185512
       0.787875         0.897        -0.024975      -0.177748
        0.80515         0.897        -0.024175      -0.165658
       0.822375         0.897        -0.023225      -0.152587
       0.839425         0.897        -0.022125      -0.134703
       0.856275         0.897        -0.020925      -0.116905
       0.872875         0.897         -0.01965      -0.099915
       0.889125         0.897        -0.018325     -0.0839802
        0.90495         0.897         -0.01695     -0.0650724
       0.920275         0.897        -0.015575     -0.0488958
        0.93505         0.897        -0.014225     -0.0367004
        0.94925         0.897        -0.012875     -0.0239246
         0.9628         0.897        -0.011525    -0.00999454
         0.9756         0.897        -0.010175     0.00789689
         0.9876         0.897         -0.00885      0.0271102
       0.998825         0.897        -0.007575      0.0429913
         1.0092         0.897        -0.006325       0.066103
        1.01863         0.897        -0.005125      0.0944917
         1.0271         0.897        -0.004025        0.12309
         1.0346         0.897         -0.00305       0.148443
        1.04107         0.897          -0.0022       0.178021
        1.04652         0.897        -0.001475       0.211412
        1.05092         0.897          -0.0009        0.24634
        1.05425         0.897        -0.000475       0.283794
        1.05648         0.897          -0.0002       0.318051
        1.05755         0.897           -5e-05       0.349224
        1.09115        1.0166            5e-05      0.361566
        1.09013        1.0166           0.0002      0.317134
        1.08805        1.0166          0.00045      0.280192
        1.08498        1.0166         0.000825      0.251541
        1.08088        1.0166          0.00135      0.216825
        1.07575        1.0166         0.002025      0.184505
         1.0697        1.0166          0.00285      0.147453
         1.0627        1.0166         0.003775      0.114357
        1.05478        1.0166         0.004775     0.0942251
        1.04597        1.0166           0.0059      0.065362
         1.0363        1.0166         0.007075     0.0377168
        1.02582        1.0166         0.008275     0.0218562
         1.0146        1.0166         0.009525   -0.00112512
        1.00262        1.0166         0.010775    -0.0177009
       0.989975        1.0166         0.012025    -0.0317808
       0.976725        1.0166         0.013275    -0.0448476
         0.9629        1.0166          0.01455    -0.0603764
       0.948575        1.0166          0.01585    -0.0817944
         0.9338        1.0166         0.017125     -0.102633
       0.918625        1.0166          0.01835     -0.121125
       0.903125        1.0166         0.019525     -0.140127
       0.887375        1.0166         0.020675     -0.166559
       0.871425        1.0166         0.021725     -0.194683
       0.855325        1.0166           0.0226     -0.212094
       0.839175        1.0166          0.02335      -0.23301
       0.823025        1.0166         0.023925     -0.249892
       0.806925        1.0166          0.02435     -0.266353
       0.790975        1.0166           0.0246     -0.282855
       0.775225        1.0166          0.02465     -0.290482
       0.759725        1.0166          0.02455      -0.29918
        0.74455        1.0166           0.0243     -0.304995
       0.729775        1.0166          0.02395     -0.316763
       0.715475        1.0166         0.023475     -0.325889
        0.70165        1.0166           0.0229     -0.336612
       0.688375        1.0166          0.02225     -0.353063
        0.67575        1.0166           0.0215     -0.367295
         0.6638        1.0166          0.02065     -0.376593
        0.65255        1.0166          0.01975      -0.39721
       0.642075        1.0166         0.018775     -0.415793
       0.632425        1.0166         0.017725     -0.435688
         0.6236        1.0166         0.016625     -0.456503
       0.615675        1.0166           0.0155     -0.496375
        0.60865        1.0166         0.014375     -0.592042
       0.602575        1.0166         0.013125     -0.736865
       0.597475        1.0166         0.011525     -0.826923
        0.59335        1.0166          0.00945     -0.770756
         0.5903        1.0166          0.00695     -0.443923
        0.58825        1.0166           0.0042    -0.0412996
         0.5872        1.0166           0.0015      0.464664
        0.58695        1.0166           0.0001       0.67248
        0.58695        1.0166          -0.0001      0.657102
         0.5872        1.0166          -0.0015      0.784926
        0.58825        1.0166          -0.0042       0.74232
         0.5903        1.0166         -0.00695      0.476662
        0.59335        1.0166         -0.00945      0.143543
       0.597475        1.0166        -0.011525    -0.0437867
       0.602575        1.0166        -0.013125    -0.0990032
        0.60865        1.0166        -0.014375    -0.0749439
       0.615675        1.0166          -0.0155    -0.0587997
         0.6236        1.0166        -0.016625    -0.0684241
       0.632425        1.0166        -0.017725     -0.087965
       0.642075        1.0166        -0.018775     -0.102889
        0.65255        1.0166         -0.01975     -0.118137
         0.6638        1.0166         -0.02065     -0.127022
        0.67575        1.0166          -0.0215     -0.143785
       0.688375        1.0166         -0.02225     -0.153329
        0.70165        1.0166          -0.0229     -0.158781
       0.715475        1.0166        -0.023475      -0.16687
       0.729775        1.0166         -0.02395     -0.175564
        0.74455        1.0166          -0.0243     -0.178849
       0.759725        1.0166         -0.02455     -0.185987
       0.775225        1.0166         -0.02465     -0.190352
       0.790975        1.0166          -0.0246      -0.19293
       0.806925        1.0166         -0.02435      -0.18791
       0.823025        1.0166        -0.023925     -0.179881
       0.839175        1.0166         -0.02335     -0.172322
       0.855325        1.0166          -0.0226     -0.158498
       0.871425        1.0166        -0.021725     -0.147841
       0.887375        1.0166        -0.020675     -0.126771
       0.903125        1.0166        -0.019525     -0.105074
       0.918625        1.0166         -0.01835    -0.0907581
         0.9338        1.0166        -0.017125    -0.0762977
       0.948575        1.0166         -0.01585    -0.0591754
         0.9629        1.0166         -0.01455    -0.0408596
       0.976725        1.0166        -0.013275    -0.0276606
       0.989975        1.0166        -0.012025    -0.0170426
        1.00263        1.0166        -0.010775   -0.00503323
         1.0146        1.0166        -0.009525    0.00952588
        1.02582        1.0166        -0.008275     0.0303237
         1.0363        1.0166        -0.007075     0.0456375
        1.04598        1.0166          -0.0059     0.0706558
        1.05477        1.0166        -0.004775     0.0993188
         1.0627        1.0166        -0.003775      0.118397
         1.0697        1.0166         -0.00285      0.149326
        1.07575        1.0166        -0.002025      0.185992
        1.08087        1.0166         -0.00135      0.217334
        1.08498        1.0166        -0.000825      0.250302
        1.08805        1.0166         -0.00045      0.278142
        1.09013        1.0166          -0.0002      0.311715
        1.09115        1.0166           -5e-05      0.346475
        1.12478        1.1362            5e-05       0.339765
        1.12382        1.1362         0.000175       0.297271
         1.1219        1.1362           0.0004       0.278761
        1.11902        1.1362         0.000775       0.235975
         1.1152        1.1362         0.001275       0.199163
        1.11045        1.1362           0.0019       0.172595
        1.10482        1.1362          0.00265        0.14271
        1.09832        1.1362           0.0035       0.119967
        1.09095        1.1362          0.00445       0.100355
        1.08275        1.1362           0.0055      0.0752897
        1.07377        1.1362           0.0066      0.0499962
        1.06405        1.1362           0.0077      0.0372353
         1.0536        1.1362          0.00885      0.0237183
        1.04247        1.1362         0.010025     0.00692065
        1.03072        1.1362         0.011175    -0.00100159
        1.01838        1.1362          0.01235     -0.0133271
         1.0055        1.1362          0.01355     -0.0298207
         0.9922        1.1362         0.014725     -0.0428506
       0.978475        1.1362           0.0159     -0.0578046
       0.964375        1.1362         0.017075     -0.0806176
       0.949975        1.1362         0.018175     -0.0984153
       0.935325        1.1362         0.019225      -0.118253
       0.920475        1.1362         0.020175      -0.139689
         0.9055        1.1362            0.021      -0.155468
       0.890475        1.1362         0.021725      -0.178531
       0.875475        1.1362          0.02225      -0.190566
       0.860525        1.1362         0.022625      -0.200634
         0.8457        1.1362         0.022875      -0.216487
       0.831075        1.1362          0.02295      -0.226896
        0.81665        1.1362          0.02285       -0.23224
       0.802525        1.1362           0.0226      -0.233299
         0.7888        1.1362         0.022275      -0.243204
         0.7755        1.1362          0.02185      -0.254099
        0.76265        1.1362           0.0213      -0.258001
       0.750325        1.1362         0.020675      -0.263618
       0.738575        1.1362             0.02      -0.272509
        0.72745        1.1362         0.019225      -0.272482
       0.716975        1.1362          0.01835      -0.316818
       0.707225        1.1362         0.017425      -0.356033
        0.69825        1.1362         0.016475       -0.41038
        0.69005        1.1362         0.015475      -0.472572
         0.6827        1.1362         0.014425      -0.551803
       0.676175        1.1362          0.01335      -0.664093
       0.670525        1.1362         0.012175       -0.79789
         0.6658        1.1362           0.0107      -0.890917
       0.661975        1.1362         0.008775      -0.818076
       0.659125        1.1362          0.00645      -0.494778
       0.657225        1.1362           0.0039     -0.0500914
        0.65625        1.1362           0.0014       0.482037
        0.65595        1.1362           0.0001     -0.0928331
        0.65595        1.1362          -0.0001       0.840105
        0.65625        1.1362          -0.0014        0.76545
       0.657225        1.1362          -0.0039       0.684475
       0.659125        1.1362         -0.00645       0.376637
       0.661975        1.1362        -0.008775      0.0266663
         0.6658        1.1362          -0.0107      -0.176011
       0.670525        1.1362        -0.012175      -0.228073
       0.676175        1.1362         -0.01335      -0.210318
         0.6827        1.1362        -0.014425      -0.177403
        0.69005        1.1362        -0.015475       -0.15426
        0.69825        1.1362        -0.016475      -0.138835
       0.707225        1.1362        -0.017425      -0.122625
       0.716975        1.1362         -0.01835      -0.115117
        0.72745        1.1362        -0.019225     -0.0976683
       0.738575        1.1362            -0.02      -0.120548
       0.750325        1.1362        -0.020675      -0.131254
        0.76265        1.1362          -0.0213      -0.142164
         0.7755        1.1362         -0.02185      -0.152758
         0.7888        1.1362        -0.022275       -0.15504
       0.802525        1.1362          -0.0226      -0.155453
        0.81665        1.1362         -0.02285      -0.163277
       0.831075        1.1362         -0.02295      -0.166618
         0.8457        1.1362        -0.022875      -0.163255
       0.860525        1.1362        -0.022625      -0.154476
       0.875475        1.1362         -0.02225      -0.149287
       0.890475        1.1362        -0.021725      -0.143315
         0.9055        1.1362           -0.021      -0.125375
       0.920475        1.1362        -0.020175      -0.113166
       0.935325        1.1362        -0.019225     -0.0966314
       0.949975        1.1362        -0.018175     -0.0795782
       0.964375        1.1362        -0.017075     -0.0652239
       0.978475        1.1362          -0.0159     -0.0450258
         0.9922        1.1362        -0.014725     -0.0315502
         1.0055        1.1362         -0.01355     -0.0207568
        1.01838        1.1362         -0.01235    -0.00576175
        1.03072        1.1362        -0.011175     0.00573941
        1.04247        1.1362        -0.010025      0.0127794
         1.0536        1.1362         -0.00885      0.0280753
        1.06405        1.1362          -0.0077      0.0418916
        1.07377        1.1362          -0.0066      0.0535719
        1.08275        1.1362          -0.0055      0.0778051
        1.09095        1.1362         -0.00445       0.102907
        1.09832        1.1362          -0.0035       0.122357
        1.10482        1.1362         -0.00265       0.144463
        1.11045        1.1362          -0.0019       0.173147
         1.1152        1.1362        -0.001275       0.199768
        1.11902        1.1362        -0.000775       0.235336
         1.1219        1.1362          -0.0004       0.278555
        1.12382        1.1362        -0.000175       0.297701
        1.12478        1.1362           -5e-05       0.322668